Timestamp,Asset_ID,Latitude,Longitude,Inventory_Level,Shipment_Status,Temperature,Humidity,Traffic_Status,Waiting_Time,User_Transaction_Amount,User_Purchase_Frequency,Logistics_Delay_Reason,Asset_Utilization,Demand_Forecast,Logistics_Delay
20/03/2024 00:11,Truck_7,-65.7383,11.2497,390,Delayed,27,67.8,Detour,38,320,4,None,60.1,285,1
30/10/2024 07:53,Truck_6,22.2748,-131.7086,491,In Transit,22.5,54.3,Heavy,16,439,7,Weather,80.9,174,1
29/07/2024 18:42,Truck_10,54.9232,79.5455,190,In Transit,25.2,62.2,Detour,34,355,3,None,99.2,260,0
28/10/2024 00:50,Truck_9,42.39,-1.4788,330,Delivered,25.4,52.3,Heavy,37,227,5,Traffic,97.4,160,1
27/09/2024 15:52,Truck_7,-65.8477,47.9468,480,Delayed,20.5,57.2,Clear,56,197,6,None,71.6,270,1
17/09/2024 06:02,Truck_7,73.3312,46.5831,118,In Transit,24.3,61.8,Clear,56,258,10,None,66.8,189,0
05/02/2024 08:38,Truck_4,27.9307,147.5317,480,Delayed,20.7,75.4,Clear,32,263,3,None,73.3,198,1
28/09/2024 09:08,Truck_9,46.5643,-126.5348,222,In Transit,23.3,64.2,Detour,30,459,9,Traffic,73.8,253,0
18/01/2024 08:27,Truck_9,-83.6737,-31.7125,245,Delivered,26.4,77.2,Clear,14,183,2,None,69.6,206,0
09/11/2024 00:48,Truck_2,54.1683,-135.2676,389,In Transit,21.9,57.3,Clear,52,127,7,Mechanical Failure,63.1,224,0
09/01/2024 23:19,Truck_9,82.9633,-154.5274,319,Delayed,22,53.5,Clear,28,360,4,None,69.8,171,1
02/02/2024 22:28,Truck_10,-25.2768,156.1262,234,Delivered,29.7,63.6,Detour,13,406,10,Traffic,85.5,238,0
17/02/2024 21:14,Truck_8,-65.526,-3.0202,154,In Transit,21.5,74.2,Detour,38,215,3,Weather,84.4,114,0
04/03/2024 06:44,Truck_2,-26.1836,-30.3641,348,Delivered,27.3,71.6,Detour,30,211,2,None,96.4,115,0
28/08/2024 12:19,Truck_3,2.6709,-80.8879,163,In Transit,25.1,76.8,Heavy,54,320,5,Weather,93.2,231,1
04/01/2024 22:52,Truck_5,-22.4793,-54.5143,130,Delayed,23.7,68.1,Clear,45,487,4,Traffic,84.1,256,1
30/10/2024 17:52,Truck_4,-34.5353,-40.8617,391,Delayed,21.6,72.5,Clear,58,298,7,Traffic,61.5,170,1
15/07/2024 15:42,Truck_7,-8.7105,-17.8347,344,Delayed,21.4,53.5,Detour,23,461,9,None,93.4,106,1
19/01/2024 06:42,Truck_5,14.6629,116.0696,409,Delayed,27.5,66.6,Detour,29,492,3,None,72.6,204,1
28/04/2024 21:23,Truck_10,75.7743,108.9425,457,In Transit,25.5,75.9,Clear,21,315,3,Traffic,83.4,248,0
06/03/2024 20:00,Truck_5,50.3419,108.5647,207,Delivered,29.3,59.4,Detour,31,174,5,Mechanical Failure,65.9,195,0
20/11/2024 16:38,Truck_8,-6.6729,132.6727,155,Delivered,19.4,53.2,Heavy,20,152,1,Mechanical Failure,99.3,235,1
07/01/2024 09:13,Truck_6,-74.1751,-102.7331,314,Delivered,19.9,64.8,Detour,57,396,10,Weather,78.6,135,0
25/09/2024 15:12,Truck_10,-33.2264,169.6187,156,In Transit,27.2,74.4,Clear,35,354,2,Weather,63.1,282,0
11/02/2024 13:30,Truck_2,-34.4469,93.1585,119,In Transit,28.1,72.4,Detour,41,176,2,None,60.9,238,0
20/11/2024 11:22,Truck_3,-13.511,141.8454,112,In Transit,19.7,76.6,Detour,22,121,3,Traffic,80.9,262,0
25/06/2024 02:26,Truck_3,-22.427,108.2306,435,Delivered,25.8,78.6,Heavy,22,220,7,Traffic,90.8,101,1
25/06/2024 00:01,Truck_9,43.3353,-12.0683,422,Delivered,20,62.9,Heavy,14,184,9,Traffic,64,248,1
02/05/2024 02:33,Truck_4,-66.7517,161.45,353,In Transit,20.5,52,Heavy,26,392,7,Traffic,76.4,155,1
10/08/2024 00:04,Truck_8,-65.7349,-173.3011,299,Delayed,23.9,50.1,Heavy,17,315,6,None,88.3,252,1
13/05/2024 03:20,Truck_1,-55.4768,18.2551,261,Delayed,22.5,78.4,Clear,41,209,6,Mechanical Failure,71.8,240,1
02/12/2024 08:32,Truck_8,5.9179,74.8254,425,Delayed,19.3,51.1,Heavy,39,235,9,Mechanical Failure,88.3,242,1
12/02/2024 06:23,Truck_7,49.3929,-47.5805,369,Delivered,26.3,52.1,Detour,48,104,7,None,66.7,220,0
24/04/2024 06:17,Truck_10,80.3158,70.765,223,Delayed,24,60.2,Heavy,45,292,6,Weather,78.4,205,1
06/12/2024 19:05,Truck_2,-19.8847,42.5062,200,Delivered,28.1,72.1,Detour,28,129,9,None,74.3,134,0
30/04/2024 11:53,Truck_9,5.4555,-147.5455,466,In Transit,26.1,72.1,Detour,54,475,9,Mechanical Failure,83.4,222,0
19/09/2024 22:53,Truck_8,-19.2577,66.744,474,In Transit,27.7,71.2,Heavy,50,311,3,Mechanical Failure,91.6,266,1
22/12/2024 15:08,Truck_6,-79.0792,-16.3423,490,Delivered,23.1,75.2,Heavy,14,460,7,None,87.8,261,1
15/08/2024 05:45,Truck_5,-1.6787,3.2441,126,Delivered,29.6,67.6,Detour,19,201,9,Weather,84.1,255,0
16/03/2024 11:17,Truck_7,-8.2431,-12.4959,164,In Transit,18.2,76.4,Clear,45,466,7,None,98.1,196,0
28/12/2024 11:40,Truck_2,-30.0701,135.6396,477,Delayed,19.2,79.4,Clear,12,310,5,Mechanical Failure,63.7,129,1
04/02/2024 18:55,Truck_5,61.8444,107.4835,245,In Transit,24.2,56.9,Detour,39,379,2,Traffic,66.4,183,0
09/07/2024 02:12,Truck_5,40.784,77.2346,172,Delayed,25.2,67.6,Clear,40,274,7,Weather,66.3,170,1
01/12/2024 23:54,Truck_7,-68.3515,158.251,206,Delayed,20.7,77.5,Clear,15,308,2,Mechanical Failure,63.9,209,1
22/06/2024 13:26,Truck_6,-33.8378,73.3221,310,In Transit,18.7,54.7,Clear,52,232,9,Traffic,72.6,113,0
27/07/2024 15:50,Truck_2,69.6609,38.4464,225,Delivered,19,63,Heavy,17,282,6,Weather,99.6,265,1
05/09/2024 14:12,Truck_3,20.8843,1.3947,303,Delayed,20.7,70.6,Clear,47,143,10,None,98.1,123,1
11/11/2024 22:09,Truck_1,-14.8081,-177.3003,237,Delayed,20.7,78.3,Heavy,35,491,2,None,80.7,189,1
01/05/2024 22:26,Truck_6,0.0414,-130.6505,172,Delivered,18.2,79.9,Clear,46,258,3,Mechanical Failure,60.1,154,0
26/07/2024 20:19,Truck_9,-79.9146,-3.8554,214,In Transit,21.7,77,Heavy,47,187,10,None,97.4,175,1
09/08/2024 01:16,Truck_3,76.4465,173.1493,330,Delayed,24,52.9,Heavy,14,425,1,Mechanical Failure,89.8,289,1
29/01/2024 21:04,Truck_5,-15.6005,-92.1974,130,Delivered,18.1,78.3,Heavy,39,424,9,Traffic,92.3,143,1
23/03/2024 12:47,Truck_2,67.396,170.1537,364,Delayed,26.9,67.8,Clear,55,467,7,Weather,95.2,128,1
17/10/2024 13:22,Truck_8,33.6179,-67.2758,430,Delayed,26.4,68.4,Heavy,16,277,8,None,71.9,137,1
11/07/2024 07:07,Truck_8,-50.8174,-40.3409,187,In Transit,18.6,67.7,Clear,12,375,5,None,85.4,140,0
11/12/2024 16:57,Truck_5,50.2709,125.6915,323,Delayed,28.3,61.2,Detour,52,139,4,Weather,72.4,127,1
10/01/2024 01:05,Truck_9,-73.8211,3.187,386,Delivered,26.6,78.2,Detour,19,456,7,Traffic,87.6,290,0
17/06/2024 07:59,Truck_9,79.1172,178.4934,422,Delayed,19.6,53.3,Heavy,40,205,5,Weather,86.1,242,1
25/06/2024 01:52,Truck_9,27.4253,90.1386,433,Delayed,24,77.8,Clear,37,173,9,Weather,89.6,143,1
17/04/2024 20:13,Truck_9,67.9086,-140.0283,318,Delivered,26,77.4,Clear,19,314,2,None,70.2,250,0
09/10/2024 18:26,Truck_9,-72.8958,129.8921,176,In Transit,22.6,73.3,Heavy,37,154,4,Mechanical Failure,91.4,169,1
27/11/2024 17:17,Truck_4,-58.6802,-62.7474,125,Delayed,23.4,57.6,Heavy,23,191,2,Traffic,72,241,1
12/06/2024 02:49,Truck_6,64.0395,-151.7045,336,In Transit,27.4,58.9,Detour,49,100,10,Weather,70.7,236,0
02/11/2024 21:19,Truck_7,-24.1402,-168.6013,244,Delivered,21.3,73.8,Heavy,39,229,7,None,98.1,197,1
29/02/2024 15:12,Truck_4,72.8574,179.01,391,In Transit,20.5,71.2,Detour,12,112,7,None,78.3,267,0
17/03/2024 23:47,Truck_6,7.3575,86.6442,425,Delivered,24.2,54.6,Detour,32,193,3,Weather,69.9,260,0
25/11/2024 10:39,Truck_5,68.9594,-123.5048,403,In Transit,26.9,60.6,Clear,50,418,1,Traffic,67.8,182,0
04/07/2024 18:22,Truck_4,14.9079,50.1606,438,Delayed,26.5,69.3,Heavy,34,378,5,Weather,88.7,256,1
19/03/2024 05:23,Truck_1,66.2353,10.8345,339,In Transit,26.8,64.5,Detour,24,235,6,Traffic,69.3,212,0
20/03/2024 01:25,Truck_9,70.1899,-65.6792,203,In Transit,18,68.9,Heavy,19,370,3,Traffic,74.4,254,1
18/07/2024 11:16,Truck_4,51.4539,-20.8253,313,Delivered,23.6,65.2,Clear,49,137,6,None,100,122,0
10/08/2024 08:40,Truck_2,-39.88,55.1792,261,Delivered,27.1,67.3,Detour,35,496,2,Weather,71.3,264,0
20/02/2024 08:11,Truck_8,-17.2355,-130.6915,179,In Transit,28.5,51,Detour,12,354,3,Weather,92.8,225,0
18/12/2024 02:23,Truck_6,-44.2576,-86.5073,442,In Transit,18.3,50.3,Clear,56,469,2,None,96.3,192,0
20/08/2024 16:18,Truck_5,19.9257,116.0526,291,Delivered,28.5,54.6,Heavy,14,316,7,None,77.5,288,1
06/11/2024 07:40,Truck_5,-47.2094,15.6324,348,Delivered,28.2,68.3,Clear,22,415,4,Traffic,67.4,204,0
14/12/2024 15:09,Truck_6,-58.4249,-57.6609,454,In Transit,23.7,51.9,Clear,51,232,7,Weather,78.7,172,0
15/01/2024 12:01,Truck_1,-20.0696,-73.2689,486,Delivered,29.1,78.4,Clear,21,158,7,None,62.6,243,0
18/05/2024 10:00,Truck_10,-36.8549,164.7618,483,In Transit,29.2,65,Heavy,57,167,8,Mechanical Failure,96.8,245,1
17/11/2024 02:02,Truck_4,-86.6609,-128.0354,472,Delivered,23.5,72,Clear,59,485,3,Weather,67.2,248,0
22/08/2024 20:11,Truck_5,-53.3732,-99.637,186,In Transit,18.9,70.5,Clear,38,344,1,Traffic,95.6,252,0
12/09/2024 08:00,Truck_6,-58.7963,-150.4122,366,In Transit,22.8,66.7,Clear,39,219,7,Traffic,91,211,0
09/08/2024 21:54,Truck_5,-46.1616,-46.6401,359,Delivered,23,71.7,Detour,50,486,10,Traffic,64,169,0
19/04/2024 02:50,Truck_7,33.8716,36.8753,422,Delayed,26.5,75,Heavy,39,100,6,None,67.2,127,1
30/09/2024 11:18,Truck_6,35.7136,-23.1356,209,In Transit,24.9,76.8,Clear,51,214,2,Mechanical Failure,86.5,156,0
22/03/2024 16:43,Truck_5,36.3858,-107.3894,324,Delayed,20.7,77.5,Heavy,39,387,1,None,69.1,138,1
15/10/2024 04:02,Truck_7,26.6125,25.4788,199,In Transit,27.4,57.1,Heavy,28,383,6,None,61.9,105,1
18/12/2024 19:01,Truck_5,-84.8915,57.5714,213,Delayed,27.7,58.1,Clear,41,267,7,Mechanical Failure,60.9,254,1
09/06/2024 17:12,Truck_4,-49.6846,-63.2892,257,Delayed,23.1,59.1,Clear,56,451,3,Weather,93.8,248,1
30/10/2024 02:01,Truck_5,14.7474,-2.5245,475,In Transit,22.2,79.4,Detour,25,268,3,Weather,60.3,151,0
23/06/2024 03:05,Truck_7,-8.6011,-63.1274,377,In Transit,22.7,75.5,Clear,59,445,7,None,99.1,272,0
19/08/2024 17:13,Truck_2,67.2149,117.9203,456,Delayed,26.4,51.4,Heavy,23,100,1,Weather,94.2,105,1
30/04/2024 12:39,Truck_1,-11.3392,-69.3395,106,Delayed,18.3,65.9,Heavy,53,244,2,Traffic,99.5,125,1
15/12/2024 03:53,Truck_10,26.3763,157.0905,234,Delayed,29.1,65.3,Clear,19,432,3,Weather,92.7,214,1
21/03/2024 14:56,Truck_8,-13.469,75.3408,390,Delayed,19.5,79.2,Heavy,26,366,4,Mechanical Failure,69.4,217,1
27/09/2024 18:08,Truck_4,-11.2424,-4.5638,203,Delivered,20.4,78.3,Detour,21,187,5,None,87.9,262,0
17/11/2024 08:35,Truck_6,62.6559,18.8474,297,Delayed,23.1,59.4,Detour,29,268,10,Traffic,71.2,151,1
03/05/2024 03:34,Truck_9,60.8032,-179.5906,238,In Transit,25,75.8,Heavy,26,330,9,Weather,99.2,165,1
05/03/2024 00:54,Truck_4,-10.0451,79.8956,126,Delivered,28.2,54.5,Detour,35,320,4,Mechanical Failure,93.7,136,0
14/01/2024 09:22,Truck_2,17.6483,114.2638,455,Delivered,22.9,79.6,Detour,51,410,9,Weather,84.9,233,0
17/02/2024 21:06,Truck_4,-51.9233,-57.5858,220,Delayed,29.4,52.4,Clear,18,468,9,Mechanical Failure,63.1,137,1
06/07/2024 11:17,Truck_5,22.3898,3.8948,403,In Transit,22.5,62.5,Clear,38,225,3,Weather,81.4,169,0
10/05/2024 22:14,Truck_10,86.3368,29.4478,448,Delayed,23.4,59.9,Detour,41,120,10,Weather,70.8,150,1
23/12/2024 18:56,Truck_5,-14.6662,-88.3674,168,In Transit,22.4,57.9,Heavy,43,377,4,Mechanical Failure,71.1,140,1
06/02/2024 08:28,Truck_7,-71.9057,-41.4314,409,Delivered,18,53.5,Heavy,47,153,9,None,74.1,117,1
16/09/2024 10:08,Truck_2,54.8888,7.4287,469,In Transit,20.7,70.4,Clear,31,335,7,Traffic,86.1,298,0
26/01/2024 12:56,Truck_5,-89.7915,85.8036,305,In Transit,20.5,71.2,Detour,44,302,10,Weather,71.9,141,0
29/11/2024 06:34,Truck_5,39.9088,71.9595,219,Delayed,26.6,79.8,Heavy,46,245,1,None,70.5,202,1
02/06/2024 19:16,Truck_8,30.7119,111.5767,167,Delayed,23.8,71.6,Clear,55,416,8,Traffic,60.7,263,1
08/02/2024 10:07,Truck_4,5.7076,-79.9256,100,Delayed,24.1,50.9,Detour,39,340,4,None,96.9,274,1
17/08/2024 07:05,Truck_9,69.0509,91.848,321,In Transit,25.4,53.8,Clear,24,340,5,Traffic,84.6,223,0
27/01/2024 04:09,Truck_7,52.7828,176.0671,244,Delivered,23.6,64.9,Clear,24,145,4,Mechanical Failure,67.6,285,0
13/12/2024 00:55,Truck_9,42.967,146.1358,281,Delivered,18.4,74.6,Detour,41,419,6,None,69.1,242,0
26/10/2024 21:55,Truck_7,-11.9943,-126.8743,301,Delivered,18.3,60,Detour,42,243,3,Mechanical Failure,99,273,0
19/03/2024 05:42,Truck_8,60.5903,-90.0415,437,In Transit,25.5,73.2,Clear,59,310,2,None,83.9,228,0
23/10/2024 14:15,Truck_7,-23.2982,143.8634,253,In Transit,22.8,78.7,Clear,49,180,3,Weather,74,296,0
18/01/2024 08:34,Truck_2,-34.2189,-36.6288,491,Delivered,25.5,50.3,Heavy,18,111,1,Weather,97.1,100,1
15/11/2024 11:42,Truck_3,19.545,73.0968,172,Delayed,22.8,60.4,Detour,38,187,9,Weather,83.3,106,1
01/07/2024 16:37,Truck_7,33.3351,-103.926,252,Delayed,24.4,72.3,Detour,54,156,6,Mechanical Failure,86.8,225,1
11/06/2024 08:04,Truck_4,-63.2064,30.0818,118,Delayed,21.8,52.1,Clear,19,421,8,Mechanical Failure,99.1,284,1
03/07/2024 15:08,Truck_4,83.2858,-66.1069,179,Delayed,25,71.1,Detour,60,325,1,Weather,66.8,226,1
05/02/2024 00:41,Truck_6,-23.2424,18.6206,119,Delivered,25.9,77.7,Clear,38,189,7,Weather,79.3,149,0
12/03/2024 03:54,Truck_5,-89.0793,130.3362,221,Delayed,22.8,76.1,Detour,35,233,4,None,61.5,281,1
17/11/2024 06:38,Truck_7,-11.2908,-105.2515,261,Delayed,24.5,74.2,Detour,36,201,10,Mechanical Failure,67,226,1
30/07/2024 10:23,Truck_5,0.3773,-13.6838,226,Delivered,25.4,73.7,Detour,46,138,8,Traffic,75.5,298,0
07/12/2024 16:11,Truck_10,-7.77,163.5958,226,In Transit,21.1,56.1,Heavy,50,160,5,None,77.3,174,1
15/03/2024 17:54,Truck_7,-80.1222,-56.1497,415,In Transit,25.3,54.4,Heavy,53,345,2,Mechanical Failure,87.4,181,1
15/10/2024 06:49,Truck_3,-84.8041,57.168,422,Delivered,29.7,68.3,Heavy,45,246,1,Weather,85.6,136,1
27/08/2024 06:52,Truck_8,-13.1475,-1.0702,413,Delayed,23.4,67.1,Heavy,32,325,3,Mechanical Failure,93.3,109,1
02/08/2024 02:01,Truck_1,-87.5547,113.4629,269,In Transit,25.2,57.7,Detour,20,247,2,Weather,60.9,177,0
27/11/2024 18:48,Truck_4,72.9066,36.1965,489,Delivered,25.7,50.1,Heavy,51,204,1,Weather,65.1,184,1
03/12/2024 05:26,Truck_6,16.1951,-119.4492,426,In Transit,28.8,56.2,Clear,30,145,3,Traffic,81.2,220,0
05/02/2024 03:19,Truck_5,28.3461,-1.5547,457,Delivered,27.9,78.6,Heavy,18,461,6,Weather,69.1,137,1
19/12/2024 22:58,Truck_1,-35.5663,47.4028,270,Delivered,21.7,53.6,Clear,15,499,8,Mechanical Failure,94.9,111,0
23/11/2024 08:44,Truck_7,-33.246,106.3248,267,In Transit,29.8,79.8,Heavy,55,282,5,None,90.5,173,1
30/04/2024 14:49,Truck_5,10.2059,98.618,381,Delivered,24.4,50.1,Heavy,54,243,6,None,61.5,278,1
07/06/2024 06:45,Truck_3,-6.2311,173.6264,402,Delivered,27,74.2,Heavy,17,155,10,Traffic,73.4,281,1
24/11/2024 04:49,Truck_4,-78.1094,-52.5435,331,Delivered,20.4,66.1,Heavy,25,261,6,Mechanical Failure,77.7,264,1
29/07/2024 00:56,Truck_5,-70.3645,-128.8622,167,Delivered,25.6,62.5,Detour,40,246,9,Traffic,63.8,126,0
01/06/2024 20:00,Truck_4,18.1183,116.4939,187,Delayed,23.3,71.7,Heavy,10,209,10,Traffic,97.2,151,1
18/07/2024 12:19,Truck_10,20.2969,124.1885,298,In Transit,18.6,74.4,Detour,41,248,1,None,86.3,283,0
16/12/2024 11:48,Truck_6,-27.7387,19.6189,331,Delayed,21.4,62.9,Detour,46,235,8,Mechanical Failure,62.6,298,1
15/04/2024 22:37,Truck_2,-31.1328,175.8453,180,Delivered,27.2,52.9,Clear,29,390,8,Mechanical Failure,68.4,110,0
05/04/2024 10:29,Truck_10,24.8353,-83.7173,282,In Transit,19.4,71.9,Clear,43,464,10,Traffic,90,107,0
20/12/2024 12:26,Truck_4,-32.724,82.9577,363,Delayed,27,70.9,Detour,52,482,6,Weather,62.9,248,1
02/07/2024 03:07,Truck_3,72.122,89.9728,212,Delivered,25.9,68,Heavy,32,312,6,Mechanical Failure,87.6,296,1
28/01/2024 04:43,Truck_1,-7.636,51.0615,317,In Transit,23.9,69.5,Clear,59,447,1,Weather,97.1,294,0
14/01/2024 20:39,Truck_2,-24.0118,111.4726,240,Delivered,18.8,63.9,Detour,23,462,1,None,61.2,276,0
06/08/2024 11:35,Truck_10,77.0042,-12.2919,427,Delayed,20.3,57.3,Heavy,18,341,3,Weather,85.7,189,1
08/12/2024 01:10,Truck_10,-38.6867,-19.9939,144,Delayed,18.2,53.1,Clear,16,106,5,Weather,69.4,214,1
27/02/2024 01:51,Truck_8,41.375,77.2949,280,In Transit,25.5,74.2,Clear,46,447,2,Traffic,65.3,236,0
14/02/2024 21:28,Truck_2,-68.4651,179.4433,182,Delayed,20.3,59.8,Detour,30,288,7,None,83.3,107,1
21/03/2024 11:48,Truck_3,-13.0063,0.5345,439,Delayed,21.5,72.8,Heavy,30,101,10,Mechanical Failure,90.4,114,1
16/10/2024 22:56,Truck_2,41.3066,161.1462,174,Delayed,27.2,77.9,Heavy,39,173,5,Mechanical Failure,91.1,262,1
21/02/2024 23:20,Truck_6,-23.1011,-54.5176,186,Delayed,24,67.3,Detour,44,352,9,None,85.7,262,1
24/09/2024 22:17,Truck_10,-17.6088,-41.4304,109,Delivered,26.9,75.3,Detour,26,314,7,None,93.3,176,0
30/03/2024 10:22,Truck_4,-72.4492,131.8524,483,In Transit,21.9,71.9,Detour,59,226,10,Mechanical Failure,69.2,152,0
15/12/2024 07:37,Truck_2,27.3601,-105.0457,100,Delayed,27.5,68.6,Clear,49,464,3,None,61.7,149,1
26/03/2024 22:29,Truck_1,-86.5291,-36.5789,128,Delivered,28.9,63.7,Clear,56,140,1,Weather,72.8,127,0
09/05/2024 18:49,Truck_10,10.2078,36.857,100,In Transit,21.9,72.1,Detour,22,413,1,Weather,67.5,145,0
19/11/2024 09:57,Truck_6,-42.6759,-7.9818,468,Delayed,28.6,65.1,Heavy,45,419,8,None,76.1,119,1
26/11/2024 17:09,Truck_8,36.2494,143.1951,243,In Transit,27.7,74.8,Detour,28,311,9,None,97.5,272,0
20/04/2024 09:54,Truck_2,28.9964,151.6114,134,Delayed,29.2,55.5,Detour,34,189,1,Weather,87.8,270,1
05/06/2024 19:19,Truck_3,-22.1005,-38.8449,484,Delivered,29.1,54.7,Detour,48,320,7,Weather,84.6,118,0
08/07/2024 04:26,Truck_6,47.2803,32.1356,300,Delivered,22.4,54.3,Heavy,23,323,5,Weather,65.5,230,1
01/04/2024 03:56,Truck_10,-25.4692,-70.7603,396,Delivered,21.9,67.4,Detour,24,238,3,Weather,60.4,117,0
11/02/2024 04:52,Truck_4,20.1451,158.7402,135,Delivered,26.8,79.1,Detour,57,173,7,Mechanical Failure,81.3,115,0
23/08/2024 00:05,Truck_8,-29.2726,149.6329,236,Delivered,21.9,51.9,Detour,21,233,6,Mechanical Failure,72,115,0
04/11/2024 00:29,Truck_1,-82.3942,179.9237,294,Delivered,27.6,79.7,Heavy,24,181,5,Weather,88.2,191,1
04/05/2024 19:24,Truck_4,37.3932,53.447,209,Delayed,29.4,57.8,Detour,34,319,4,Mechanical Failure,85,208,1
13/11/2024 04:19,Truck_4,-3.4094,-85.8774,378,Delayed,28.2,70.2,Clear,60,490,9,Traffic,66.8,166,1
13/02/2024 19:17,Truck_1,-60.2782,-7.5464,355,Delayed,22.5,74,Clear,20,321,3,Weather,90.6,252,1
28/06/2024 07:17,Truck_9,-1.8123,-156.207,474,Delayed,29.2,66.1,Heavy,26,318,5,Weather,96.2,110,1
15/12/2024 22:06,Truck_6,45.553,20.9015,218,Delivered,19.5,67.9,Detour,27,257,10,Mechanical Failure,62.2,150,0
30/06/2024 14:22,Truck_2,-28.382,-47.8231,357,In Transit,29.3,73.2,Clear,22,229,7,Mechanical Failure,94.3,131,0
05/12/2024 16:36,Truck_5,-71.0852,-12.9187,255,Delayed,27.4,59.6,Clear,20,497,3,Traffic,98.4,277,1
13/06/2024 13:04,Truck_2,-35.6424,-106.7595,415,Delayed,22.2,65.8,Heavy,18,287,2,Traffic,61.1,256,1
17/03/2024 08:20,Truck_9,-81.622,-152.0754,353,Delivered,29.5,76.8,Heavy,41,421,8,None,97.7,212,1
21/09/2024 03:09,Truck_8,-22.9111,-154.3594,260,In Transit,23.8,58.4,Clear,49,266,7,Mechanical Failure,77.8,131,0
20/02/2024 20:52,Truck_4,-68.7937,-164.3866,447,Delivered,21.1,75.6,Heavy,51,315,1,Mechanical Failure,64.7,186,1
19/11/2024 18:03,Truck_5,-25.5794,132.2662,483,Delayed,26.6,50,Clear,51,466,6,Mechanical Failure,87.9,272,1
07/11/2024 16:16,Truck_10,49.0465,41.3428,363,Delivered,28.6,75.2,Heavy,19,358,1,Weather,77.4,272,1
18/02/2024 14:10,Truck_8,-81.6677,-40.8327,313,Delayed,20.5,79.3,Detour,49,229,7,None,98.5,126,1
03/03/2024 00:53,Truck_10,-69.6887,-34.4563,289,Delivered,19.3,68.6,Clear,33,149,4,None,74.3,220,0
02/06/2024 09:09,Truck_4,-49.1811,-94.1515,171,Delivered,21.3,66.1,Clear,57,125,8,None,98.9,249,0
25/01/2024 12:09,Truck_6,12.8172,76.1408,401,In Transit,25.7,71.4,Clear,30,494,4,Weather,81.1,175,0
04/10/2024 16:19,Truck_9,20.1146,19.7583,376,Delivered,25.1,54.1,Clear,55,305,5,Mechanical Failure,83.2,158,0
02/11/2024 12:07,Truck_3,84.1317,-144.784,371,Delayed,26.2,58.5,Heavy,46,168,10,Traffic,69.5,162,1
22/04/2024 01:56,Truck_4,-53.9329,30.3236,496,In Transit,23.4,71.6,Clear,15,451,3,Weather,76.3,235,0
15/04/2024 22:28,Truck_2,31.8571,-83.1698,149,In Transit,20.9,68.1,Detour,39,274,9,Traffic,71.8,138,0
19/01/2024 14:28,Truck_6,67.7302,-70.1861,166,In Transit,29.4,59.5,Heavy,40,210,4,Traffic,82.9,246,1
22/09/2024 12:19,Truck_9,73.3723,93.2464,369,Delayed,28,52.3,Detour,35,481,5,Mechanical Failure,73.4,179,1
01/11/2024 23:47,Truck_5,68.2361,-85.9216,409,In Transit,22,68.1,Clear,18,423,10,Weather,62.8,282,0
13/05/2024 14:10,Truck_8,40.5478,147.0261,494,Delayed,19.2,58.4,Clear,52,231,10,Weather,89.5,201,1
17/02/2024 07:36,Truck_6,-36.4299,58.0595,238,Delayed,23.8,79.4,Detour,33,416,5,Weather,88.2,102,1
23/11/2024 19:33,Truck_8,83.2003,-119.0412,422,In Transit,19.2,54.5,Clear,18,437,3,None,73.5,103,0
23/09/2024 10:32,Truck_9,74.5816,-19.6986,132,In Transit,28.2,57.2,Clear,23,401,6,None,93.6,154,0
25/08/2024 22:32,Truck_1,-64.7094,137.791,189,Delayed,25.2,70,Clear,10,360,6,Mechanical Failure,81.9,191,1
27/09/2024 06:23,Truck_1,-59.602,62.712,255,Delivered,28.5,72.2,Clear,60,419,2,Traffic,68.4,246,0
09/05/2024 04:02,Truck_7,-68.3712,-65.9802,107,Delayed,21.9,74.1,Heavy,51,413,1,Weather,84.9,257,1
27/05/2024 10:59,Truck_6,3.8431,91.0078,274,Delayed,19.3,51.4,Heavy,57,279,10,None,75.3,127,1
23/02/2024 18:39,Truck_4,76.3946,105.7941,206,Delayed,21.9,68.6,Heavy,42,100,7,Traffic,63.3,116,1
28/07/2024 22:29,Truck_5,-46.1871,9.4679,270,In Transit,26.7,72.2,Heavy,35,107,10,Traffic,90.8,158,1
05/03/2024 10:30,Truck_10,-10.8849,86.0812,277,In Transit,23.7,72.1,Clear,12,195,5,Traffic,64.5,130,0
06/01/2024 21:16,Truck_4,-67.7619,176.4012,454,Delayed,21,77.3,Clear,15,112,10,Weather,73.2,237,1
14/09/2024 16:45,Truck_2,-22.1101,-65.135,197,In Transit,27.3,71.3,Detour,24,460,9,None,64.7,162,0
03/11/2024 23:16,Truck_5,75.1113,-136.48,182,Delivered,19.7,72.3,Clear,50,428,3,None,63.3,280,0
19/03/2024 21:36,Truck_6,-69.343,131.9033,171,Delivered,25.1,76.5,Heavy,55,309,3,Traffic,94.6,112,1
01/02/2024 18:55,Truck_3,35.6522,-84.7025,159,Delivered,26.9,69.5,Clear,32,272,7,None,69.7,278,0
18/04/2024 12:04,Truck_8,-86.157,-92.4652,378,Delayed,29.5,61.7,Detour,13,305,8,Mechanical Failure,98.5,211,1
26/05/2024 14:30,Truck_1,25.1355,-2.6802,469,In Transit,26.2,65,Clear,19,477,2,Mechanical Failure,96.9,206,0
29/07/2024 16:54,Truck_8,12.0938,96.8996,106,In Transit,27,56.8,Detour,31,120,4,Weather,95.7,286,0
09/12/2024 13:41,Truck_3,-77.0862,137.9042,486,In Transit,21.7,76,Clear,42,282,9,Mechanical Failure,80.5,139,0
14/09/2024 09:03,Truck_2,-17.1205,-47.0657,248,In Transit,26.3,53.7,Detour,40,146,10,Weather,71.7,246,0
01/12/2024 01:52,Truck_3,-52.8874,162.7464,157,In Transit,25.4,79.1,Detour,17,311,9,Weather,69.9,233,0
19/08/2024 17:09,Truck_6,-3.6578,176.299,235,In Transit,23.2,54.6,Clear,28,467,9,Mechanical Failure,68.2,206,0
15/04/2024 18:58,Truck_7,-7.6641,-25.3717,170,Delayed,25.4,55.8,Heavy,55,463,10,Weather,60.1,112,1
12/04/2024 10:58,Truck_6,-82.1416,-91.8925,342,Delivered,25.1,52.4,Clear,24,103,2,Mechanical Failure,88,209,0
23/02/2024 09:29,Truck_3,87.5079,-125.5319,290,In Transit,20.5,51.4,Clear,22,170,4,Mechanical Failure,74.7,147,0
27/02/2024 05:17,Truck_1,-76.8771,94.6166,260,Delayed,22.8,71.7,Heavy,44,393,5,Mechanical Failure,94.1,154,1
26/07/2024 19:10,Truck_5,89.2765,166.6548,378,Delayed,18.9,55.5,Heavy,35,367,4,Weather,74.4,229,1
29/06/2024 05:20,Truck_2,-82.8546,7.876,177,Delayed,19.2,70.1,Clear,57,141,4,Weather,86.6,249,1
15/04/2024 04:40,Truck_2,-40.284,-86.8089,310,In Transit,22.8,64.4,Heavy,33,104,2,Mechanical Failure,98.9,110,1
24/07/2024 04:09,Truck_3,2.2208,-170.2641,132,Delivered,27.5,57.2,Heavy,36,481,5,Traffic,65.2,140,1
19/07/2024 01:06,Truck_8,54.8423,175.5701,331,Delayed,25.6,77.8,Heavy,26,213,9,Traffic,90.7,269,1
23/04/2024 16:50,Truck_1,-78.4723,-82.615,294,Delivered,24.4,65.2,Detour,23,439,8,Traffic,65,213,0
18/06/2024 12:57,Truck_6,4.8496,-60.7988,277,Delivered,29.3,50.7,Heavy,24,242,2,Mechanical Failure,93.4,271,1
17/12/2024 04:11,Truck_5,54.0342,-98.3083,329,Delayed,29.7,77.9,Heavy,33,232,5,Weather,91.9,124,1
17/11/2024 04:41,Truck_8,41.43,-128.1678,204,Delivered,18.7,68.5,Heavy,27,473,2,Traffic,76.9,217,1
20/06/2024 11:18,Truck_1,-56.0674,82.9431,410,Delivered,28.9,60.3,Clear,32,436,1,None,77.2,272,0
29/06/2024 11:16,Truck_7,-0.8539,-177.5496,417,Delayed,26.9,70.8,Clear,44,103,7,Mechanical Failure,94.7,181,1
05/07/2024 09:14,Truck_6,54.5973,-128.4974,324,Delivered,20.7,72.4,Clear,12,173,7,None,95.1,243,0
19/07/2024 20:10,Truck_8,-46.1457,161.0254,218,Delayed,23.8,52.3,Detour,52,389,2,Traffic,79.5,231,1
27/08/2024 22:26,Truck_5,76.8391,140.3011,137,Delayed,23.6,51.7,Detour,24,124,6,Traffic,70.6,279,1
17/06/2024 02:43,Truck_4,-59.1914,-125.4515,414,Delayed,18.3,76.4,Detour,42,332,10,Traffic,66.3,249,1
21/05/2024 02:30,Truck_1,-75.6177,-156.976,216,In Transit,26.9,67.2,Detour,35,181,10,Weather,86.2,185,0
08/05/2024 02:13,Truck_8,-24.1694,30.0335,170,Delayed,26.4,51.6,Detour,47,278,3,None,96.4,105,1
02/05/2024 09:49,Truck_2,-6.8584,150.6127,154,Delivered,28.6,66.8,Clear,18,384,9,Weather,60.4,263,0
25/01/2024 20:15,Truck_2,-32.2146,166.7941,213,Delivered,25,72.7,Detour,51,353,8,None,82.6,227,0
07/01/2024 12:49,Truck_4,-46.3051,-93.1541,276,Delivered,24.9,77,Detour,60,467,4,Weather,84.6,292,0
08/03/2024 10:09,Truck_10,-85.0859,41.138,382,In Transit,22,77.8,Clear,47,448,5,Weather,81.4,246,0
22/12/2024 15:01,Truck_8,89.1858,-159.3242,383,In Transit,19.1,69,Detour,16,238,3,Weather,90.7,290,0
21/01/2024 13:17,Truck_1,1.429,-119.0925,334,Delayed,26.6,74.1,Detour,10,317,3,Traffic,73,184,1
25/06/2024 02:35,Truck_9,78.3252,15.2758,421,Delayed,26.3,68.8,Heavy,53,128,6,None,76.6,100,1
27/05/2024 05:13,Truck_2,-9.2287,107.9306,329,Delivered,25,51.2,Detour,53,233,5,Mechanical Failure,67.2,188,0
27/01/2024 01:05,Truck_10,71.4327,127.3664,284,In Transit,22.1,77.2,Heavy,16,226,4,None,95.8,206,1
21/01/2024 03:11,Truck_2,-84.0049,111.8327,184,Delayed,19.2,59.8,Heavy,23,126,4,Mechanical Failure,90.4,200,1
03/08/2024 13:26,Truck_5,7.0779,-165.136,403,Delivered,20.6,66.1,Clear,15,461,4,None,77.1,263,0
05/06/2024 18:09,Truck_6,-86.0858,117.8697,100,In Transit,22.3,72.3,Detour,43,256,5,None,92.8,101,0
27/10/2024 12:09,Truck_3,59.2432,175.9873,135,Delayed,18.9,55.5,Heavy,57,162,9,None,75.3,127,1
22/10/2024 14:28,Truck_1,-39.3003,-121.6771,220,In Transit,25,79,Heavy,51,481,2,Weather,64.3,268,1
03/09/2024 09:41,Truck_8,-83.672,164.2522,318,In Transit,29.8,51.4,Clear,24,216,3,Weather,83.8,221,0
03/01/2024 11:20,Truck_7,5.9541,-156.4873,237,Delivered,29.2,56.2,Detour,15,251,3,Weather,76.3,198,0
11/06/2024 23:38,Truck_2,-16.3804,-119.0546,459,In Transit,27.2,78.5,Heavy,22,323,7,None,87.3,271,1
04/01/2024 23:32,Truck_6,-27.4913,-1.8571,332,In Transit,21.7,58.9,Heavy,33,363,6,Weather,90.1,131,1
02/08/2024 06:58,Truck_8,67.7002,43.853,133,In Transit,28.7,69.5,Detour,57,342,6,Traffic,99.9,261,0
29/08/2024 02:07,Truck_8,30.5045,52.2559,499,Delayed,18.3,75.1,Clear,22,251,1,Mechanical Failure,79.2,139,1
22/02/2024 18:02,Truck_10,4.8619,61.4224,350,Delivered,25.3,71.2,Detour,19,177,1,None,67,209,0
21/06/2024 20:31,Truck_7,84.0872,85.2383,186,Delayed,24.1,72,Detour,26,131,4,None,68.2,189,1
27/01/2024 15:36,Truck_8,11.5213,-168.4741,403,Delivered,23.1,69.3,Detour,24,487,10,Mechanical Failure,69.6,104,0
17/06/2024 12:40,Truck_6,63.7701,163.2651,193,Delayed,22.1,68.2,Heavy,29,231,3,Weather,69.7,198,1
31/03/2024 14:30,Truck_2,57.5757,-35.0439,254,Delivered,24,78.6,Heavy,24,108,3,Weather,66.6,219,1
23/03/2024 08:10,Truck_9,-66.6009,-11.7155,368,Delivered,26.1,71,Clear,58,336,2,Mechanical Failure,86.5,259,0
02/10/2024 15:12,Truck_6,18.755,-46.8871,283,Delayed,28.5,50.7,Detour,11,495,10,Weather,88.1,200,1
28/07/2024 18:36,Truck_10,50.3574,128.5618,164,Delivered,25.5,67.6,Heavy,20,188,7,Mechanical Failure,60.1,268,1
11/01/2024 15:19,Truck_5,46.9009,3.749,419,Delivered,22.1,74.7,Detour,31,236,10,Traffic,95.9,182,0
28/12/2024 18:53,Truck_9,17.5319,-65.0765,489,Delivered,25,69.4,Clear,30,345,8,None,66.1,128,0
07/09/2024 12:50,Truck_2,4.8305,-6.5757,498,Delayed,20.2,55,Clear,51,147,8,Weather,97.7,247,1
09/12/2024 11:15,Truck_10,38.8917,-38.8032,244,Delayed,21.2,61.8,Detour,24,181,2,Traffic,70.1,238,1
05/10/2024 18:34,Truck_4,-20.0482,-83.6915,488,Delivered,21.5,50.3,Heavy,32,120,1,Mechanical Failure,79.1,111,1
22/04/2024 10:55,Truck_9,-83.2534,-166.3309,152,Delayed,21.2,70.3,Clear,10,467,10,None,61.5,269,1
27/02/2024 21:45,Truck_10,-4.8643,75.4304,168,Delayed,23.2,71.5,Clear,23,292,3,Traffic,98.8,102,1
23/05/2024 22:03,Truck_5,46.7637,-146.4348,268,Delivered,23.9,79.2,Clear,41,295,9,Mechanical Failure,69.5,146,0
02/01/2024 22:19,Truck_7,-68.3909,-122.557,341,In Transit,21.3,76.2,Heavy,58,429,3,None,78.6,178,1
29/09/2024 06:31,Truck_7,62.3457,-54.2033,166,Delivered,28.9,50.6,Heavy,58,197,3,Traffic,88.8,282,1
18/12/2024 08:33,Truck_7,72.8857,135.9494,483,Delayed,21.4,51.2,Heavy,33,249,2,None,67.6,165,1
11/08/2024 10:28,Truck_10,2.2782,-158.4628,232,Delivered,22.3,73.3,Heavy,19,332,4,None,78.6,135,1
24/03/2024 22:56,Truck_3,11.7686,154.6043,392,In Transit,20.7,62.8,Detour,12,417,2,Weather,69.3,109,0
02/06/2024 00:24,Truck_8,-75.598,11.134,480,In Transit,24.9,77.8,Heavy,53,318,3,Mechanical Failure,69.5,181,1
02/02/2024 03:46,Truck_3,23.2931,106.0267,368,Delivered,28,53.4,Detour,42,182,5,None,77.5,205,0
02/10/2024 12:56,Truck_6,-11.3114,-139.811,373,In Transit,25,62.4,Clear,20,125,1,Mechanical Failure,91.2,160,0
25/09/2024 12:20,Truck_2,9.6491,47.3499,154,Delivered,22,53.3,Heavy,50,208,4,None,85,231,1
24/02/2024 08:11,Truck_3,10.9354,-27.3551,184,Delivered,19.2,55.3,Heavy,14,450,3,None,86.7,247,1
28/10/2024 10:00,Truck_9,84.9482,59.5314,204,Delivered,21.4,61.5,Clear,51,490,5,Mechanical Failure,68,288,0
31/05/2024 23:20,Truck_2,49.7212,179.2025,227,Delivered,26.1,65.7,Detour,47,247,8,Traffic,77.8,135,0
22/01/2024 00:34,Truck_5,-28.8968,-117.9471,405,In Transit,28,67.7,Clear,48,348,3,Mechanical Failure,78.3,213,0
19/12/2024 11:06,Truck_7,-55.5154,-163.6943,392,Delivered,27.4,69,Detour,31,347,9,Weather,98,133,0
05/01/2024 22:46,Truck_3,16.7636,29.2783,429,In Transit,27.7,75,Heavy,12,446,4,None,65.7,203,1
26/06/2024 08:09,Truck_7,-76.307,5.0298,488,Delivered,25.2,63.9,Heavy,19,219,4,Weather,100,184,1
31/07/2024 02:07,Truck_6,-22.4693,149.9634,444,Delayed,29.8,67.5,Clear,41,125,5,Weather,63.3,152,1
27/11/2024 04:21,Truck_1,71.8859,93.4464,420,Delayed,18.4,68.5,Heavy,50,340,10,Weather,76.8,212,1
06/06/2024 04:02,Truck_1,-9.7179,-117.0145,391,In Transit,25.5,73.7,Detour,31,472,10,Weather,77.2,109,0
16/05/2024 20:34,Truck_9,-12.2288,-74.7801,212,Delivered,20.6,50.5,Clear,41,498,5,Mechanical Failure,94.1,162,0
14/07/2024 21:14,Truck_4,5.4618,-179.8202,157,Delivered,20.9,77.1,Clear,26,499,4,Traffic,91.4,214,0
22/11/2024 11:31,Truck_8,-54.8317,66.4706,399,Delivered,26.3,79.4,Detour,25,476,4,Mechanical Failure,95.6,256,0
01/11/2024 21:31,Truck_2,-80.0522,-102.2508,103,Delivered,27.9,53.1,Detour,52,386,1,None,97.7,141,0
27/10/2024 15:39,Truck_9,-13.0527,-122.0924,333,Delayed,22.1,65,Detour,22,243,5,Mechanical Failure,83.2,176,1
14/02/2024 12:20,Truck_6,6.3666,136.0794,234,Delivered,27.3,70.1,Detour,45,416,8,None,86.9,165,0
02/05/2024 11:14,Truck_9,83.1243,48.4325,146,Delayed,29,55.5,Detour,52,414,10,Mechanical Failure,82.3,228,1
02/09/2024 05:03,Truck_7,51.1898,25.5964,109,Delayed,20.7,60.9,Heavy,39,147,9,Traffic,75,116,1
08/12/2024 04:35,Truck_8,-76.3987,-68.1922,357,Delayed,24.6,73.5,Clear,48,266,10,Traffic,74.4,226,1
23/01/2024 05:35,Truck_9,70.5541,-150.1626,356,Delivered,19.5,63.1,Clear,16,118,3,None,77.8,230,0
25/01/2024 11:27,Truck_2,-38.2185,104.1667,349,Delivered,19.4,62.7,Detour,19,296,3,None,72.3,177,0
08/11/2024 13:31,Truck_1,39.1411,138.1786,159,Delivered,27.1,77.5,Heavy,33,429,9,None,77.9,200,1
30/05/2024 01:04,Truck_4,-68.8006,159.004,148,Delivered,25,60.7,Clear,43,196,4,Mechanical Failure,64.6,240,0
30/05/2024 11:30,Truck_3,51.1598,-170.9311,354,Delivered,26.9,65.5,Heavy,14,245,4,None,73.4,151,1
02/03/2024 23:49,Truck_8,-29.5867,41.0612,214,Delivered,21.5,69.1,Heavy,49,417,10,Traffic,76.7,249,1
29/08/2024 11:52,Truck_8,-51.3412,-112.1636,307,Delayed,21,52.8,Clear,21,475,4,None,82.8,107,1
26/05/2024 01:53,Truck_1,-49.5057,174.3533,385,In Transit,24.3,59.4,Clear,37,239,3,None,88.3,148,0
24/07/2024 01:20,Truck_8,0.7577,120.0181,490,Delayed,24,56.1,Heavy,29,463,6,Mechanical Failure,81.1,134,1
24/12/2024 10:20,Truck_4,-2.2911,64.2731,133,Delayed,19.4,76,Detour,36,182,3,None,70.5,249,1
11/02/2024 14:40,Truck_2,78.4324,125.0181,472,Delivered,24.9,63.2,Detour,36,485,9,None,78.9,271,0
24/04/2024 00:54,Truck_7,-2.8329,-29.9102,338,In Transit,28.9,55.5,Detour,39,181,2,Mechanical Failure,88.6,143,0
08/01/2024 10:20,Truck_2,70.0103,-164.1914,172,Delivered,25.5,55.7,Detour,25,259,1,Traffic,65.2,255,0
25/10/2024 03:01,Truck_2,11.4885,-172.569,187,Delayed,24.8,52,Detour,31,231,5,Weather,91.6,234,1
12/12/2024 15:03,Truck_8,74.5261,123.6828,439,In Transit,23.5,55.1,Detour,47,454,3,Weather,75.5,196,0
30/11/2024 09:16,Truck_7,-12.9509,132.4986,159,In Transit,18.1,76,Detour,18,202,2,Weather,94.4,197,0
13/05/2024 09:05,Truck_7,81.79,-52.7516,362,Delivered,18.3,57.6,Heavy,58,437,8,Mechanical Failure,66.8,123,1
16/12/2024 06:06,Truck_4,47.7175,72.531,163,Delivered,24.6,53.2,Detour,34,473,9,Traffic,72.4,263,0
14/02/2024 07:54,Truck_7,-21.5329,-145.2581,258,Delayed,19.9,51.9,Heavy,54,237,10,None,92.7,271,1
25/06/2024 12:15,Truck_9,-4.5863,71.7337,319,Delayed,18,63.6,Detour,23,473,7,Weather,83,187,1
14/08/2024 03:59,Truck_9,-26.6775,-77.2847,247,Delivered,28.9,60.7,Clear,56,115,10,Mechanical Failure,61.6,270,0
08/04/2024 19:43,Truck_8,-30.6957,29.255,134,In Transit,19.9,67.5,Detour,42,421,5,Mechanical Failure,77.6,183,0
07/11/2024 14:21,Truck_4,64.5212,-83.2639,175,In Transit,20.9,58.7,Detour,35,274,9,Mechanical Failure,61.1,240,0
12/01/2024 17:01,Truck_9,68.181,-84.9051,179,Delayed,24.2,50.2,Clear,31,485,10,None,75.8,255,1
30/05/2024 08:29,Truck_10,-81.2116,13.9727,105,Delayed,27.1,59.8,Clear,36,409,7,Traffic,75.7,290,1
16/05/2024 07:34,Truck_2,-21.308,-14.9017,277,In Transit,23.5,63.9,Heavy,11,292,8,Weather,67.5,234,1
08/12/2024 12:26,Truck_5,77.2059,-132.0473,427,Delayed,26.7,63.8,Detour,54,453,6,Weather,86.7,101,1
28/03/2024 08:34,Truck_3,21.4872,-123.6879,348,Delayed,22.7,63.3,Detour,23,134,4,Mechanical Failure,99.6,251,1
16/04/2024 21:31,Truck_3,47.7603,-137.0932,300,Delayed,23.1,78.1,Detour,53,146,4,Weather,73.3,280,1
20/11/2024 14:44,Truck_1,-4.7971,56.411,457,Delivered,27.2,69.1,Heavy,55,319,2,Traffic,67.7,132,1
20/06/2024 08:17,Truck_1,-11.1333,-40.0454,316,Delayed,26.8,53.5,Clear,35,402,10,Mechanical Failure,93.6,206,1
11/08/2024 15:40,Truck_9,15.5083,115.4388,207,In Transit,19.2,59.7,Detour,56,484,7,Traffic,72.6,285,0
30/10/2024 12:44,Truck_10,-70.6858,54.4683,333,Delivered,27.5,55.8,Heavy,36,141,2,Traffic,67,264,1
22/03/2024 11:00,Truck_10,-18.4278,101.4997,327,Delayed,22.6,57.4,Detour,38,432,4,Traffic,68.4,171,1
12/05/2024 13:40,Truck_3,43.7523,149.8334,197,In Transit,20,69.6,Detour,42,314,3,Traffic,87.2,201,0
15/11/2024 08:08,Truck_7,18.5151,24.3559,356,Delayed,23.4,72.8,Detour,39,486,9,Mechanical Failure,99.2,282,1
07/10/2024 06:11,Truck_9,84.6774,61.0153,359,Delayed,29.2,54.5,Detour,50,268,1,None,67.4,249,1
09/09/2024 03:30,Truck_3,49.5864,-154.4224,377,Delivered,18.1,55,Detour,59,476,6,Weather,70.2,268,0
21/08/2024 20:07,Truck_6,-51.319,-46.5841,228,Delayed,24.2,59.2,Heavy,26,321,5,Traffic,96.3,132,1
17/01/2024 03:33,Truck_10,-12.9902,176.1206,399,Delivered,23.4,71.7,Heavy,12,239,1,None,67.6,156,1
02/12/2024 12:07,Truck_3,6.8181,52.3685,157,In Transit,29.8,54,Clear,33,151,10,Weather,81.2,192,0
18/11/2024 07:52,Truck_10,-3.038,106.5694,327,In Transit,21.2,52.6,Clear,48,209,8,Mechanical Failure,98.6,104,0
29/04/2024 11:54,Truck_2,35.5141,90.8087,215,Delayed,21.7,73.4,Detour,17,146,9,None,70.4,296,1
29/05/2024 06:49,Truck_9,-40.8724,-42.3243,213,Delayed,20.2,63.7,Clear,16,248,10,None,68.8,136,1
10/11/2024 05:49,Truck_7,44.6347,-110.6304,226,In Transit,21.4,58,Detour,47,348,7,Mechanical Failure,85.7,136,0
03/11/2024 20:21,Truck_1,76.5468,-13.5249,334,Delivered,24.2,76.2,Clear,24,402,7,Traffic,71.5,105,0
04/09/2024 10:45,Truck_2,72.8206,90.5169,319,In Transit,25.5,51.7,Detour,32,350,2,None,69.7,254,0
25/09/2024 21:53,Truck_8,81.2554,4.8416,411,In Transit,20.5,77.4,Heavy,51,211,5,Mechanical Failure,76.9,244,1
24/07/2024 06:30,Truck_6,74.9107,17.8019,208,Delayed,28.8,64.9,Clear,40,437,6,Weather,64.6,185,1
02/04/2024 13:43,Truck_5,20.446,149.3776,328,Delivered,22.8,73.6,Clear,12,349,9,Mechanical Failure,93.3,162,0
04/03/2024 06:43,Truck_3,-60.7101,-29.4842,219,Delayed,22.9,56.6,Heavy,49,372,6,Mechanical Failure,64.4,300,1
10/12/2024 12:39,Truck_8,74.2314,-113.7355,438,In Transit,25.7,71.2,Detour,21,445,5,Weather,90.4,154,0
05/01/2024 03:23,Truck_9,16.9737,-7.8198,145,In Transit,23.3,70.3,Detour,44,421,2,None,93.9,286,0
18/01/2024 17:13,Truck_1,35.8055,-41.1532,299,Delivered,22.4,64.2,Clear,54,303,1,Traffic,88.1,125,0
10/05/2024 06:01,Truck_5,6.7867,-133.6343,356,Delivered,18.9,71.7,Clear,25,368,1,Traffic,66.1,228,0
26/10/2024 05:59,Truck_3,6.184,36.1898,137,Delivered,22.8,50.6,Detour,24,465,6,Weather,61.3,226,0
21/04/2024 16:13,Truck_8,-75.0605,-52.5256,231,Delivered,24.3,57.8,Clear,56,368,7,Weather,87.2,203,0
14/09/2024 01:51,Truck_2,-77.891,-96.7804,336,Delivered,19.7,66.7,Clear,54,163,7,Mechanical Failure,71.4,122,0
12/05/2024 17:51,Truck_9,-47.154,6.9021,290,In Transit,27.6,71.8,Heavy,50,460,7,Mechanical Failure,95.9,118,1
03/09/2024 09:06,Truck_1,76.1715,-0.0071,427,Delayed,23.2,70.1,Heavy,17,320,4,Weather,73,162,1
06/05/2024 09:16,Truck_9,-85.8283,163.4575,439,Delivered,26.4,71.3,Clear,41,491,7,Traffic,67.4,273,0
09/01/2024 08:52,Truck_7,6.009,-33.838,461,Delivered,18.6,74.6,Heavy,23,185,4,Traffic,77.8,215,1
06/09/2024 03:02,Truck_9,3.8184,139.4876,414,Delivered,29,70.6,Heavy,25,291,4,Traffic,92.9,154,1
05/08/2024 16:44,Truck_6,66.3417,-154.1243,498,Delayed,23.8,55.9,Detour,16,381,7,None,67.2,131,1
16/08/2024 10:45,Truck_4,-61.8623,113.6304,334,Delivered,22.5,57.1,Clear,43,381,6,None,73.8,157,0
12/07/2024 02:46,Truck_2,44.502,66.5819,144,Delayed,23,70.3,Heavy,54,152,1,Mechanical Failure,84.3,242,1
24/01/2024 08:44,Truck_3,-12.2885,38.4287,231,Delivered,28.2,67.2,Clear,50,221,1,None,84.8,270,0
13/01/2024 21:47,Truck_5,-40.8275,-46.7423,324,Delayed,25.5,65.2,Clear,51,233,9,Traffic,90.2,145,1
16/04/2024 08:03,Truck_6,-76.5757,-52.269,246,Delivered,19.4,56.3,Clear,16,406,9,Weather,65.7,140,0
12/02/2024 03:22,Truck_2,-79.279,69.568,283,Delayed,27.7,52.4,Heavy,16,280,8,Traffic,96,297,1
08/05/2024 03:54,Truck_10,84.3451,-106.877,453,Delayed,21.8,66.4,Clear,48,305,2,Mechanical Failure,68.9,212,1
07/12/2024 12:50,Truck_10,-19.0721,161.7246,392,Delivered,30,72.1,Detour,52,329,4,Traffic,66.6,174,0
26/11/2024 00:36,Truck_6,-69.0311,-32.9575,343,In Transit,25.2,72.6,Clear,21,400,9,Weather,87.7,300,0
07/05/2024 08:15,Truck_4,87.7793,-108.9268,144,Delayed,25.8,65.6,Detour,23,362,10,Traffic,88.9,199,1
05/11/2024 21:58,Truck_9,-48.3633,-36.2936,151,Delayed,22.1,59.7,Clear,58,338,1,Traffic,81.5,248,1
28/02/2024 11:48,Truck_7,-36.4104,-4.335,389,In Transit,27.2,59.8,Heavy,20,129,8,Traffic,80.8,164,1
16/04/2024 23:04,Truck_2,-39.225,-156.4228,355,Delayed,19.2,62.2,Clear,10,137,2,Traffic,67,269,1
28/11/2024 00:36,Truck_10,84.0407,-74.7098,493,Delayed,20.7,70.9,Clear,52,478,1,Traffic,62.5,103,1
09/02/2024 06:40,Truck_9,-68.5324,127.5394,181,Delivered,22.9,70.3,Detour,49,441,7,None,94.7,168,0
14/05/2024 13:25,Truck_6,-8.4586,44.4779,342,In Transit,22.6,55.5,Detour,35,119,3,None,73.9,199,0
28/08/2024 13:33,Truck_9,14.0092,-131.9758,376,Delayed,20.5,55.5,Clear,34,315,9,None,70.7,297,1
21/02/2024 02:51,Truck_4,3.6602,107.779,464,In Transit,20.8,50.1,Heavy,16,441,7,None,91.1,240,1
25/10/2024 05:54,Truck_3,29.342,-68.5682,452,In Transit,26.7,64.1,Clear,36,152,1,None,90.1,231,0
18/07/2024 23:30,Truck_9,-20.6524,-102.5762,228,Delivered,28.7,65,Heavy,26,271,3,Traffic,66,290,1
28/02/2024 23:27,Truck_10,-88.696,117.3902,288,Delivered,27.1,69.4,Heavy,37,144,2,None,63.6,126,1
13/07/2024 15:41,Truck_10,-27.0315,40.2451,133,Delayed,18.6,79.4,Clear,14,314,10,Mechanical Failure,98.8,109,1
21/06/2024 04:12,Truck_6,25.5135,-147.3897,117,In Transit,29.7,63.7,Clear,17,159,8,None,77,106,0
29/09/2024 17:58,Truck_2,68.4014,-52.0862,428,Delayed,28.4,74.2,Clear,54,492,1,None,86.2,286,1
05/06/2024 07:32,Truck_8,-7.1543,-132.8372,381,Delivered,18,53,Clear,25,398,9,Weather,94.6,100,0
19/12/2024 21:28,Truck_9,-78.2763,151.3943,166,Delayed,22.5,53.8,Clear,57,442,6,Weather,72.1,284,1
23/04/2024 18:51,Truck_2,33.9665,-46.5423,225,In Transit,26.1,75.8,Heavy,41,286,3,Mechanical Failure,72.9,224,1
17/02/2024 20:09,Truck_2,-59.6899,143.0428,364,Delayed,18.8,68.2,Detour,41,373,1,Weather,88.7,215,1
21/07/2024 06:13,Truck_7,25.7047,150.6302,318,In Transit,25.3,74.6,Clear,32,486,9,Weather,68.1,277,0
03/04/2024 05:24,Truck_2,15.4009,52.3537,417,In Transit,20,61,Heavy,54,300,4,Traffic,74.5,156,1
22/10/2024 10:43,Truck_7,-86.7799,-102.1496,180,Delayed,18.5,52.1,Clear,10,182,5,Mechanical Failure,99,279,1
28/04/2024 12:38,Truck_8,40.3406,159.0723,134,Delayed,24.1,68.2,Heavy,35,187,6,Mechanical Failure,99.9,102,1
28/09/2024 12:11,Truck_8,40.4005,-149.1521,237,In Transit,28.1,75.5,Detour,18,349,2,Weather,90.5,189,0
09/09/2024 11:51,Truck_5,-85.1352,73.2511,259,Delayed,26.6,53,Clear,28,118,4,Traffic,60.2,249,1
02/10/2024 21:49,Truck_3,-1.28,1.0168,463,In Transit,19.8,54.5,Heavy,12,408,8,Traffic,71.2,229,1
05/05/2024 05:42,Truck_10,45.2617,-152.3952,290,Delivered,23.7,53.5,Detour,44,237,5,Mechanical Failure,85.8,270,0
21/05/2024 02:33,Truck_8,-14.7713,-117.3565,345,Delayed,21.3,53.6,Clear,35,388,4,Weather,83.5,159,1
15/03/2024 22:19,Truck_6,51.4225,112.3362,165,Delayed,25.6,61.7,Detour,50,149,10,Traffic,62.6,252,1
07/02/2024 19:45,Truck_3,-15.2991,-95.0112,259,In Transit,27,79.7,Heavy,15,167,9,Traffic,88.6,147,1
11/05/2024 05:18,Truck_7,86.6678,-139.6955,330,Delivered,26.9,62.9,Detour,47,382,6,Weather,90.3,115,0
31/01/2024 05:31,Truck_5,44.5442,-73.4346,467,Delivered,19.3,62.1,Detour,39,180,8,Mechanical Failure,63.8,145,0
01/11/2024 01:28,Truck_3,-48.4503,-99.9978,329,In Transit,26.7,56.2,Detour,16,261,9,Traffic,90.7,104,0
03/03/2024 04:17,Truck_9,-37.3934,31.4093,122,Delivered,22.9,64,Heavy,24,409,5,Mechanical Failure,99.7,184,1
09/03/2024 00:10,Truck_3,34.0712,123.0237,146,In Transit,24.2,69.1,Clear,58,301,2,None,82,238,0
17/04/2024 17:28,Truck_10,-21.5633,-12.8487,419,Delivered,26.1,62,Heavy,19,484,8,None,96.4,262,1
21/09/2024 10:33,Truck_7,-33.3756,7.8261,143,In Transit,20.1,57,Detour,41,143,9,None,62.1,106,0
11/02/2024 10:31,Truck_10,-61.849,-123.7835,445,Delivered,19.8,54.1,Clear,39,375,2,Weather,88.3,247,0
15/06/2024 11:59,Truck_5,88.5686,-161.7382,450,Delayed,18.7,56.4,Detour,12,140,8,Mechanical Failure,61.9,160,1
09/08/2024 03:00,Truck_2,-69.408,-8.1703,451,Delivered,22.5,51.6,Detour,28,421,6,None,68.8,107,0
22/07/2024 00:56,Truck_4,-49.1524,14.1164,425,Delayed,22.4,65.9,Clear,30,452,10,Traffic,91.4,163,1
17/08/2024 07:37,Truck_8,27.787,8.2288,235,Delivered,25.8,62.6,Heavy,51,171,6,Mechanical Failure,87.5,207,1
11/12/2024 23:47,Truck_7,-13.8485,119.2071,181,In Transit,29.7,51.8,Clear,38,388,10,None,92.4,292,0
12/09/2024 00:06,Truck_3,25.5003,-47.5718,370,Delivered,23.5,74.4,Heavy,60,105,1,None,99.5,128,1
08/07/2024 14:07,Truck_3,69.4106,61.7368,102,Delayed,25.6,76,Heavy,50,444,9,Traffic,88.3,105,1
06/03/2024 13:14,Truck_3,-6.8964,-35.5418,200,Delivered,18.5,77.7,Detour,24,158,4,None,82.5,234,0
30/10/2024 04:55,Truck_6,-0.1148,-127.6784,292,In Transit,23.2,68.1,Heavy,41,440,10,Mechanical Failure,88.9,160,1
07/10/2024 10:54,Truck_5,-41.4279,178.8694,401,In Transit,28.2,51,Clear,51,327,3,None,85.6,138,0
06/06/2024 22:52,Truck_3,-0.9333,124.8495,305,Delayed,27.4,50.8,Clear,34,474,1,Mechanical Failure,82,226,1
20/04/2024 00:14,Truck_3,-58.2175,7.2699,441,In Transit,25,75.4,Heavy,58,149,10,Traffic,61.3,247,1
02/08/2024 00:10,Truck_2,83.3287,-84.2738,130,Delayed,18.7,67.2,Clear,47,367,1,Traffic,81.7,131,1
03/10/2024 02:54,Truck_6,-33.2637,45.4122,265,In Transit,23.4,56.1,Detour,34,406,6,Mechanical Failure,95,133,0
23/09/2024 22:37,Truck_1,74.3356,112.5528,426,Delivered,26.3,77.7,Detour,58,373,6,Traffic,93,125,0
17/02/2024 16:11,Truck_6,-53.3015,11.4861,432,In Transit,28,65.2,Heavy,35,499,8,Weather,97.4,110,1
23/11/2024 04:40,Truck_2,-22.5519,60.711,406,Delayed,20.9,76.4,Detour,57,160,9,None,73.3,120,1
11/01/2024 20:19,Truck_10,61.697,164.5493,410,In Transit,24.5,62.4,Clear,40,172,5,None,86.2,225,0
28/10/2024 02:17,Truck_5,-75.2867,-163.4,155,In Transit,22.6,77.1,Detour,13,196,7,None,83.2,168,0
26/12/2024 05:05,Truck_3,87.1386,-114.968,397,Delivered,23.7,73.5,Detour,31,266,1,Mechanical Failure,92.8,265,0
28/03/2024 10:24,Truck_5,51.2486,-41.4882,305,Delivered,28,67.8,Detour,13,455,2,Weather,80.8,147,0
16/04/2024 02:44,Truck_2,-19.8201,2.4374,343,Delayed,26.2,62.4,Detour,18,166,7,Weather,62.3,168,1
08/12/2024 06:15,Truck_6,-13.561,-52.5469,342,In Transit,27.6,71.9,Detour,24,216,2,Traffic,67.5,225,0
05/09/2024 17:43,Truck_3,51.4883,105.7445,347,In Transit,29.1,80,Heavy,25,256,3,Mechanical Failure,69.6,274,1
02/02/2024 22:24,Truck_3,21.5738,-95.1501,403,Delivered,29.5,76.6,Heavy,36,379,2,Mechanical Failure,66.7,242,1
30/04/2024 18:44,Truck_9,-31.8174,59.5716,482,Delayed,18.1,76.1,Heavy,54,203,10,Traffic,74.1,112,1
01/05/2024 03:13,Truck_3,-76.0304,112.9276,130,Delivered,21.6,60.9,Clear,48,479,8,Traffic,83.3,173,0
10/01/2024 20:02,Truck_1,47.5481,-97.4831,465,Delayed,24,72.4,Heavy,48,112,8,None,97.1,212,1
21/10/2024 11:15,Truck_2,77.8751,144.04,322,Delayed,26.1,71.9,Detour,45,339,8,Weather,97.6,145,1
25/11/2024 02:58,Truck_1,-56.6674,-50.0426,126,Delivered,20.3,51.2,Detour,53,486,7,Mechanical Failure,97.5,129,0
20/12/2024 08:01,Truck_3,62.0999,-9.5972,142,In Transit,22.7,66.1,Detour,59,343,6,Mechanical Failure,86.7,256,0
29/06/2024 19:07,Truck_9,57.9908,-117.5288,444,Delivered,21.6,53.2,Detour,16,113,2,Traffic,96.1,181,0
13/12/2024 18:57,Truck_2,73.1274,-63.9399,100,Delivered,22.4,71.6,Detour,22,389,4,Traffic,73.4,159,0
20/11/2024 05:25,Truck_3,-28.6949,-110.5161,227,In Transit,22.6,58.5,Detour,24,477,10,Weather,89,139,0
29/06/2024 09:51,Truck_3,-28.9152,114.375,416,Delivered,20.7,69.1,Detour,32,139,6,Mechanical Failure,91.7,221,0
22/12/2024 23:33,Truck_3,83.9488,131.1197,499,Delayed,25.8,64,Detour,46,295,6,Traffic,87.6,160,1
23/06/2024 22:08,Truck_6,52.1635,10.8296,328,Delivered,29.8,53.5,Clear,54,144,6,Weather,78,158,0
29/03/2024 05:14,Truck_1,36.5185,-71.9718,324,Delivered,28.2,56.8,Heavy,10,249,7,None,76.7,298,1
03/04/2024 14:11,Truck_5,-10.8232,144.0982,401,In Transit,26.3,59.4,Heavy,30,268,7,None,67.6,225,1
15/12/2024 14:02,Truck_1,-37.9195,-99.3768,182,Delayed,22.9,54.4,Detour,50,135,3,None,98.4,268,1
06/08/2024 13:23,Truck_6,-7.2984,-44.5918,264,Delivered,29.5,67.3,Heavy,32,314,8,Traffic,65.9,202,1
14/03/2024 02:35,Truck_8,13.6845,-126.4199,293,Delivered,23.8,62.8,Detour,19,135,1,Mechanical Failure,98.8,291,0
27/08/2024 00:34,Truck_10,-70.6428,166.3723,343,In Transit,29.5,59.8,Detour,35,294,8,None,73.7,256,0
24/04/2024 20:50,Truck_4,-19.3929,-10.2537,103,In Transit,24.8,79.3,Heavy,22,393,9,Weather,88.6,108,1
09/09/2024 21:41,Truck_9,-32.5141,-170.9566,295,Delivered,23.6,72.8,Detour,18,327,5,None,92.1,283,0
20/06/2024 13:57,Truck_10,59.3783,74.9628,300,Delivered,27.4,52.8,Detour,35,431,10,None,81.2,120,0
02/06/2024 10:54,Truck_7,-36.2517,72.4728,108,Delivered,27.9,65.6,Heavy,46,138,4,Traffic,82.7,173,1
09/07/2024 23:21,Truck_8,-55.9854,-149.8958,153,Delayed,27.5,69.9,Detour,24,118,7,Weather,62.5,237,1
03/07/2024 09:52,Truck_8,27.3259,-116.2066,336,In Transit,22.5,51.6,Detour,11,446,6,None,70.2,275,0
09/12/2024 20:35,Truck_9,27.7357,-170.5766,211,Delayed,21.7,52.3,Detour,11,401,9,None,66.2,241,1
14/03/2024 00:55,Truck_4,23.2023,92.2763,144,Delivered,21.1,58.8,Clear,35,443,10,Mechanical Failure,89,141,0
28/05/2024 06:29,Truck_10,87.5129,-65.0922,224,Delayed,21.7,78.5,Clear,20,428,7,None,72.4,287,1
22/11/2024 23:49,Truck_9,81.1975,137.0497,185,In Transit,19.9,66.3,Detour,59,264,4,None,65.2,177,0
21/04/2024 03:47,Truck_4,55.919,-39.578,220,In Transit,28.2,55.4,Clear,10,203,8,Weather,81.1,281,0
15/03/2024 07:02,Truck_5,-15.3314,22.397,236,In Transit,18.3,69,Clear,34,303,2,Mechanical Failure,62.6,270,0
22/03/2024 14:12,Truck_10,-55.3603,79.1276,159,Delayed,29.7,69.6,Clear,49,227,1,None,62,232,1
18/09/2024 16:35,Truck_6,8.3934,-165.2068,433,Delayed,26.4,69.3,Detour,25,127,8,None,84.5,125,1
20/11/2024 19:12,Truck_7,27.499,-98.0697,109,In Transit,25.1,76.5,Heavy,16,356,5,None,64.9,127,1
08/04/2024 18:13,Truck_6,14.687,-33.9771,453,In Transit,25.8,78.6,Detour,21,142,10,Mechanical Failure,85.7,180,0
13/01/2024 16:35,Truck_9,19.3645,-149.4523,169,In Transit,28.6,78.8,Heavy,27,482,4,Traffic,80.5,122,1
11/11/2024 04:35,Truck_7,38.0858,-149.297,105,Delayed,23.6,54.4,Detour,18,364,10,Traffic,76,158,1
04/10/2024 16:05,Truck_9,4.379,97.6354,256,Delivered,29.6,73.7,Heavy,20,309,8,Weather,83.4,142,1
12/05/2024 21:29,Truck_8,-28.8542,119.5019,309,Delivered,22.8,52.8,Clear,19,101,2,Mechanical Failure,85.5,242,0
23/12/2024 04:59,Truck_9,-17.5843,-151.1609,346,Delivered,26.9,70.6,Detour,44,192,9,Traffic,76.2,239,0
15/06/2024 00:46,Truck_4,15.5281,-170.3941,302,Delayed,24.6,60.6,Heavy,30,431,3,None,76,127,1
18/07/2024 17:29,Truck_4,-83.8983,-128.1642,181,In Transit,24.7,63.4,Heavy,25,107,8,None,71.3,265,1
10/02/2024 08:40,Truck_9,-25.4823,169.1921,282,Delayed,21.8,63.6,Clear,43,370,7,Traffic,69.4,251,1
09/09/2024 10:46,Truck_10,-69.493,-118.9742,398,Delivered,26.5,64.8,Heavy,44,387,1,None,90.6,122,1
19/04/2024 08:18,Truck_1,-8.0714,-158.0304,210,In Transit,24.7,65,Heavy,50,185,10,Mechanical Failure,84.1,140,1
05/08/2024 18:45,Truck_9,-59.9919,-162.9143,188,Delayed,22.4,78,Heavy,40,372,6,Weather,98,237,1
14/06/2024 18:40,Truck_3,-47.5239,58.4771,298,Delayed,19.6,76.1,Heavy,22,396,7,None,65,230,1
18/10/2024 23:50,Truck_10,-39.8052,-126.4073,298,Delayed,24,63.5,Detour,25,456,2,None,78.9,147,1
28/04/2024 01:31,Truck_3,54.0537,-145.9922,326,Delayed,20,56.6,Detour,17,260,6,Weather,67.5,162,1
11/11/2024 08:44,Truck_6,7.0591,46.7188,354,Delayed,18.4,77.5,Heavy,40,262,7,Traffic,68.5,282,1
13/09/2024 10:52,Truck_4,-50.3633,99.5834,269,In Transit,22.4,63.6,Detour,54,481,7,Traffic,82.5,183,0
14/06/2024 17:14,Truck_4,51.9327,-102.4309,475,Delivered,29.3,62.8,Clear,29,359,9,Mechanical Failure,95.1,122,0
02/01/2024 15:30,Truck_4,-36.487,14.5024,372,Delayed,20.4,57.2,Clear,29,153,1,Weather,78.2,221,1
06/10/2024 04:58,Truck_5,27.2654,-34.1042,201,In Transit,26,51.5,Clear,40,429,4,Weather,87,107,0
04/06/2024 16:47,Truck_7,15.2159,-55.6814,441,In Transit,25.3,72.9,Clear,47,152,4,Weather,67.4,256,0
02/02/2024 12:17,Truck_6,27.4437,43.3224,246,Delayed,25.3,57.4,Clear,33,298,8,Traffic,70.4,110,1
22/06/2024 07:42,Truck_10,-58.6928,165.8667,180,Delayed,25.4,50.4,Heavy,32,246,2,Mechanical Failure,65.4,203,1
01/03/2024 14:48,Truck_9,-38.0737,56.0723,127,Delayed,21,54.6,Detour,13,452,9,Mechanical Failure,79,299,1
19/08/2024 01:36,Truck_3,-50.6778,-102.041,246,Delayed,20.8,79.2,Heavy,55,325,2,None,80.5,271,1
17/11/2024 02:22,Truck_2,-88.776,-125.1628,470,Delivered,21.5,51,Heavy,59,293,7,Mechanical Failure,86.6,113,1
29/07/2024 00:17,Truck_8,69.691,148.6549,386,Delayed,25.9,71.6,Clear,36,193,10,Weather,72,299,1
17/05/2024 21:00,Truck_8,-82.2616,-141.825,325,In Transit,26.2,64.3,Clear,31,491,7,Mechanical Failure,60.7,290,0
11/03/2024 20:09,Truck_1,2.7286,-99.5442,432,In Transit,25.9,65.8,Clear,42,265,8,None,86.8,140,0
18/07/2024 05:42,Truck_7,84.2498,-60.8861,273,Delayed,20.2,72.2,Clear,19,115,5,None,68.8,238,1
13/11/2024 11:31,Truck_4,8.7621,-2.9218,492,Delivered,21.6,78.3,Clear,58,122,9,None,61.2,202,0
01/01/2024 11:37,Truck_4,-59.0753,68.4886,303,In Transit,24.6,68.6,Detour,50,213,6,Mechanical Failure,97.1,297,0
07/10/2024 18:21,Truck_6,5.7218,-96.5806,270,In Transit,28.1,73.6,Clear,57,283,2,Mechanical Failure,92.3,122,0
16/07/2024 16:39,Truck_4,-38.3158,-38.3257,382,Delivered,21.6,50.5,Detour,31,160,8,Weather,94.8,261,0
13/04/2024 17:33,Truck_4,-87.4042,-127.3269,197,Delivered,23.3,53.5,Heavy,41,259,9,Weather,91.3,211,1
11/08/2024 02:18,Truck_9,-77.3648,30.9744,368,In Transit,25,60.7,Clear,37,382,5,Weather,82.8,225,0
19/01/2024 00:15,Truck_7,-73.0477,124.7969,223,In Transit,19.5,55.6,Clear,23,154,4,Weather,62.9,217,0
26/12/2024 03:50,Truck_7,-27.576,-111.3158,340,Delayed,25.9,75.3,Detour,18,424,7,Weather,67.3,287,1
10/01/2024 12:44,Truck_10,49.9465,-30.0236,355,Delivered,20.2,51.3,Clear,49,323,4,Mechanical Failure,72.6,100,0
23/10/2024 13:13,Truck_2,-50.6856,-9.6236,158,In Transit,26.6,63.8,Heavy,51,199,4,None,84.8,114,1
31/07/2024 19:53,Truck_10,84.1122,-87.899,126,Delayed,25.1,58,Detour,47,291,7,Traffic,92.3,123,1
05/08/2024 22:26,Truck_8,49.9197,79.4653,309,In Transit,20.6,77.3,Clear,60,177,5,Weather,69.2,271,0
14/02/2024 00:45,Truck_10,-44.6254,44.0876,171,Delayed,22.6,69.9,Detour,26,104,2,Weather,88.1,132,1
14/12/2024 00:45,Truck_6,-57.3005,-23.6888,403,In Transit,29.6,63,Clear,12,197,4,None,83.8,228,0
16/07/2024 08:12,Truck_6,-47.5698,-81.3143,181,Delivered,25.9,69.1,Heavy,44,264,9,Mechanical Failure,69.9,223,1
08/12/2024 09:52,Truck_7,-80.2675,-80.5726,472,Delayed,23,68,Heavy,34,365,3,Traffic,87.8,294,1
08/05/2024 01:51,Truck_8,-70.3213,-61.9179,171,Delivered,25.5,51.1,Detour,43,114,1,Weather,92.5,149,0
20/07/2024 13:33,Truck_6,48.2512,-106.6383,204,Delayed,19.2,58,Heavy,50,465,8,Weather,85.2,133,1
24/10/2024 14:59,Truck_4,-74.6749,-159.7164,254,In Transit,26.7,51.3,Detour,11,378,8,None,90.6,208,0
23/11/2024 10:56,Truck_4,-46.0132,-8.5335,100,Delayed,21,71.2,Clear,19,315,9,Weather,82.2,100,1
18/04/2024 08:51,Truck_1,9.3294,-71.5299,211,Delivered,23.7,66.7,Heavy,36,149,1,Mechanical Failure,60.7,256,1
11/08/2024 04:43,Truck_9,5.0095,-113.8279,145,Delayed,18.2,62.2,Heavy,56,430,5,Traffic,86.7,260,1
09/10/2024 13:29,Truck_6,-70.8094,75.1094,244,Delivered,21.3,79.4,Heavy,22,312,9,None,63.5,171,1
21/12/2024 15:26,Truck_1,-43.2472,163.3821,104,Delivered,29.4,59.1,Detour,58,229,3,Weather,82.9,283,0
21/01/2024 23:13,Truck_5,28.1016,167.1982,356,In Transit,18.4,75.2,Clear,32,291,6,None,90.7,206,0
28/03/2024 07:50,Truck_4,-56.2187,27.6037,114,In Transit,26.8,62.1,Heavy,55,334,6,None,85.2,202,1
02/12/2024 10:52,Truck_6,65.0538,-146.3887,404,Delivered,19,76.2,Heavy,54,230,4,None,83.7,171,1
30/12/2024 20:21,Truck_5,-30.299,153.4529,500,Delivered,21.7,56.2,Detour,20,381,10,Mechanical Failure,90.7,222,0
12/09/2024 11:42,Truck_5,72.7626,105.821,375,Delayed,23,76.3,Detour,49,131,4,None,87.8,137,1
24/10/2024 23:03,Truck_8,61.8446,115.5236,361,In Transit,22.3,66.8,Heavy,60,157,4,Traffic,79.8,247,1
07/03/2024 21:52,Truck_3,-31.1792,-46.048,239,Delayed,26.6,51.6,Detour,33,333,2,Traffic,95.1,277,1
03/01/2024 13:08,Truck_10,-43.2004,134.8572,191,In Transit,24,59.7,Clear,51,268,8,None,97,111,0
08/12/2024 00:24,Truck_2,-79.6372,-111.7492,171,Delayed,21.3,58.7,Detour,10,292,4,Traffic,65,184,1
13/09/2024 08:58,Truck_5,66.838,-175.1681,113,Delayed,28.9,56.3,Heavy,22,417,6,Weather,60.8,142,1
31/07/2024 22:16,Truck_4,13.7736,12.9911,298,In Transit,18.8,79.5,Detour,51,393,4,Traffic,74.6,110,0
25/11/2024 22:59,Truck_8,-66.2696,-82.0579,184,Delivered,26,59.6,Heavy,34,235,6,Mechanical Failure,66.7,299,1
30/05/2024 15:40,Truck_4,5.1238,-67.8583,298,Delivered,18.9,65.9,Detour,41,269,2,None,64.8,234,0
05/03/2024 20:59,Truck_3,-85.8715,-162.7167,439,Delayed,25.1,66.1,Clear,46,151,4,None,79.2,209,1
20/08/2024 15:30,Truck_3,86.2679,-50.7895,142,Delayed,28,67.2,Heavy,49,458,8,Traffic,92.5,224,1
19/09/2024 12:19,Truck_6,21.3104,-80.5292,202,Delivered,18.5,69.5,Heavy,54,261,3,None,62.5,213,1
02/03/2024 15:37,Truck_3,-2.2841,23.4152,418,Delayed,29.6,67.4,Heavy,54,199,9,Traffic,99.9,215,1
24/02/2024 23:02,Truck_4,-23.4709,54.5265,458,Delayed,23.3,58.6,Heavy,43,372,10,Mechanical Failure,92.9,262,1
05/03/2024 11:20,Truck_8,44.5052,-178.7281,313,In Transit,18.7,74.7,Heavy,16,284,3,Mechanical Failure,69,105,1
04/03/2024 23:34,Truck_9,-8.1413,92.8681,457,Delayed,18.2,62.6,Detour,18,217,9,None,97.8,199,1
30/06/2024 04:33,Truck_2,0.7118,108.5142,298,Delivered,27.8,76.9,Heavy,18,414,5,None,72.2,164,1
02/12/2024 10:19,Truck_4,43.2255,-143.0415,106,Delayed,23.7,74.7,Heavy,14,442,4,Mechanical Failure,83.6,276,1
14/08/2024 11:03,Truck_6,61.8047,-72.1219,293,Delivered,28.5,59.3,Clear,50,168,4,Weather,67.2,199,0
13/09/2024 03:11,Truck_9,-42.6929,46.2525,301,Delayed,19.2,57.6,Heavy,16,256,6,None,65.4,148,1
29/12/2024 18:21,Truck_1,-78.0755,-11.8927,287,In Transit,25.2,51.8,Detour,34,399,2,Mechanical Failure,85,124,0
19/11/2024 13:53,Truck_5,65.5547,-128.3673,237,In Transit,23.4,53.3,Detour,38,109,2,Mechanical Failure,87.9,157,0
27/05/2024 07:26,Truck_1,-19.5574,-65.5493,258,In Transit,25.2,67.6,Clear,32,484,7,Traffic,98.8,191,0
19/11/2024 20:03,Truck_3,17.7083,-162.0043,480,In Transit,27.1,76.3,Heavy,22,497,9,Traffic,74.9,183,1
18/09/2024 23:04,Truck_8,-52.1686,-175.6269,441,In Transit,22.6,53.3,Clear,29,343,3,Mechanical Failure,86.5,172,0
16/12/2024 02:17,Truck_6,-84.2375,76.9339,346,In Transit,21.6,65.2,Clear,43,402,8,Traffic,96.4,157,0
29/09/2024 19:01,Truck_2,-7.599,-78.7489,205,In Transit,23.6,76.2,Heavy,41,324,2,None,73.8,153,1
29/03/2024 01:23,Truck_2,36.621,97.2194,477,Delayed,25.1,50.3,Detour,32,297,7,Traffic,96.4,212,1
26/07/2024 10:09,Truck_9,-7.9899,-23.5723,355,Delayed,19.8,60.9,Clear,24,226,9,Weather,62.8,243,1
19/12/2024 10:36,Truck_4,-68.5749,106.2112,148,Delivered,23.3,59.1,Detour,53,161,10,Weather,65.7,189,0
14/06/2024 10:30,Truck_6,-86.6472,76.1641,190,Delayed,27.8,62.2,Detour,41,238,2,None,90.2,122,1
06/01/2024 05:22,Truck_10,-20.073,169.5863,356,Delayed,24.8,70,Detour,37,345,3,Traffic,84,245,1
17/09/2024 17:56,Truck_2,8.0303,137.6073,228,Delivered,18.3,52.3,Clear,57,350,3,Traffic,76.5,285,0
29/12/2024 17:13,Truck_6,-58.6706,162.7699,437,In Transit,20.9,55.2,Clear,44,336,7,Weather,88.6,118,0
30/11/2024 16:53,Truck_10,63.6092,-40.4852,295,Delayed,20.3,68.6,Detour,29,249,6,None,63.2,295,1
20/10/2024 11:54,Truck_3,69.9178,-25.7593,365,In Transit,30,60,Clear,18,215,5,Traffic,95.8,201,0
08/06/2024 16:49,Truck_10,27.3884,-85.6938,117,Delayed,23.9,64.3,Clear,16,175,8,Mechanical Failure,73.9,270,1
11/09/2024 09:02,Truck_6,5.5363,-6.3698,202,Delayed,25.9,62.3,Heavy,11,249,4,None,98,131,1
08/11/2024 14:19,Truck_10,-47.9174,-44.4673,408,Delayed,29.9,58.9,Heavy,25,390,8,None,61.5,117,1
15/06/2024 14:24,Truck_2,-58.2884,-53.9833,277,In Transit,18.2,75.1,Clear,60,122,10,None,65,147,0
16/05/2024 01:51,Truck_10,44.4715,61.1203,430,Delayed,25,53.4,Detour,30,251,4,Mechanical Failure,77.6,119,1
26/03/2024 14:40,Truck_7,-73.5735,153.529,451,Delayed,21.3,67.2,Detour,24,187,8,None,69.3,221,1
05/04/2024 15:36,Truck_8,-39.3967,15.6452,421,Delivered,26,78.1,Heavy,29,379,5,Traffic,81,118,1
13/11/2024 03:59,Truck_9,-46.8183,81.9142,175,In Transit,29.6,66,Clear,34,467,9,Weather,98.3,220,0
13/06/2024 01:08,Truck_2,57.3299,-54.7962,357,In Transit,27.4,55.5,Detour,43,207,2,Weather,60.5,111,0
21/01/2024 09:04,Truck_9,86.1935,59.4987,419,Delivered,26.5,56.2,Detour,15,277,2,Weather,68.3,280,0
05/10/2024 14:23,Truck_7,59.8543,-132.3865,455,Delivered,19.8,67.6,Clear,22,301,3,Traffic,68.2,254,0
21/04/2024 07:25,Truck_2,-41.7908,84.2001,438,Delayed,24.3,78.8,Detour,33,322,7,Weather,79,206,1
24/04/2024 22:27,Truck_6,-3.7401,43.2693,497,In Transit,28.2,68.2,Detour,47,184,6,Traffic,63.8,251,0
10/02/2024 07:01,Truck_8,-27.0196,-24.081,410,In Transit,29.8,76.2,Detour,52,152,2,Mechanical Failure,76.6,149,0
26/09/2024 16:59,Truck_7,-53.7107,-60.5951,306,Delivered,21.5,78.5,Clear,48,317,7,Weather,92.8,231,0
09/08/2024 14:23,Truck_3,65.9866,135.5421,209,Delayed,18.6,69.6,Heavy,50,357,10,Traffic,92.9,125,1
05/01/2024 21:06,Truck_4,-77.8133,-89.1179,155,Delayed,30,64.5,Detour,33,342,6,Weather,88.2,179,1
30/11/2024 06:40,Truck_3,22.3036,59.4689,318,Delayed,25.8,79.5,Detour,11,161,10,None,90,191,1
11/09/2024 08:19,Truck_9,-10.2023,76.7946,422,Delivered,23.8,62.4,Clear,10,158,4,Traffic,84.7,294,0
05/10/2024 23:57,Truck_2,-9.1011,102.9819,450,In Transit,22.8,58.7,Detour,45,421,9,None,90,240,0
15/10/2024 14:03,Truck_4,-85.2973,149.0859,221,Delivered,21.6,67.7,Heavy,39,430,6,Traffic,71.9,286,1
04/07/2024 09:22,Truck_7,-13.1977,107.4226,271,Delivered,18.7,75.4,Clear,37,210,10,Traffic,72,120,0
21/08/2024 17:20,Truck_4,-77.327,-33.6001,402,Delayed,18.7,59.6,Detour,16,454,1,Traffic,62.9,274,1
03/07/2024 06:32,Truck_1,-36.3388,69.5488,119,In Transit,24.4,68.2,Heavy,60,125,3,None,81.6,106,1
20/02/2024 17:37,Truck_6,-35.4951,105.3877,385,Delivered,26.1,68.3,Clear,38,114,6,Weather,64.6,190,0
25/05/2024 03:48,Truck_4,-50.7255,49.2993,443,Delivered,23.6,66.6,Detour,42,333,9,Traffic,93.1,143,0
28/05/2024 16:24,Truck_4,-85.6005,35.8883,271,In Transit,23.6,74.2,Clear,30,214,5,Traffic,72.1,132,0
07/09/2024 10:37,Truck_3,-15.3475,13.3516,133,Delayed,29.4,51.6,Clear,31,485,3,Weather,90.1,172,1
20/08/2024 15:07,Truck_4,36.4573,-60.8255,388,Delayed,23.1,64.8,Detour,23,329,1,Mechanical Failure,89.2,296,1
11/11/2024 19:15,Truck_1,40.9268,-145.299,429,In Transit,20.9,68,Heavy,50,196,10,Mechanical Failure,72.9,123,1
27/05/2024 08:38,Truck_6,-66.0724,48.2597,145,Delivered,18.8,62.6,Detour,14,408,9,Weather,81.3,138,0
05/04/2024 18:56,Truck_1,24.1971,18.693,135,Delivered,20.1,53.8,Detour,21,108,10,Traffic,92,243,0
23/07/2024 15:08,Truck_5,46.8609,37.8235,442,Delayed,22.2,65.4,Detour,33,492,5,Weather,86.4,145,1
04/03/2024 09:24,Truck_10,-56.7854,25.8691,342,Delivered,27.2,55.1,Heavy,22,326,2,None,64.4,300,1
03/01/2024 12:49,Truck_10,-35.4329,9.9153,308,Delayed,25.2,52.5,Heavy,19,475,8,Mechanical Failure,95,206,1
05/04/2024 20:20,Truck_7,63.6965,-131.1519,358,Delayed,21.6,61.7,Clear,23,127,6,None,85.7,199,1
08/05/2024 10:09,Truck_6,-43.4171,160.8423,128,Delayed,23,69.7,Clear,30,462,8,None,76.7,105,1
07/07/2024 19:49,Truck_2,-82.7058,-62.704,426,Delayed,24.2,75.7,Clear,51,303,10,Mechanical Failure,94.1,160,1
26/11/2024 22:45,Truck_6,-75.3211,-58.7749,349,Delivered,21.1,54.1,Detour,47,290,5,None,70.4,233,0
04/01/2024 03:12,Truck_4,-50.7085,-85.4515,173,In Transit,23.1,56,Heavy,50,440,3,Mechanical Failure,73.4,289,1
31/07/2024 14:59,Truck_10,70.7101,-175.9865,184,Delayed,24.5,54.9,Detour,23,159,7,Traffic,60.2,120,1
23/05/2024 23:23,Truck_5,-71.1004,-147.757,318,Delayed,25.5,64.3,Heavy,15,215,8,Traffic,69.1,158,1
04/07/2024 00:05,Truck_3,-76.8972,-3.6358,288,Delivered,24.7,67.4,Detour,37,230,7,Mechanical Failure,65,259,0
18/08/2024 23:25,Truck_6,39.7998,58.7461,317,Delivered,18.5,66,Heavy,36,465,1,Mechanical Failure,68,180,1
23/10/2024 15:20,Truck_7,78.5954,-173.0016,122,In Transit,26.7,73.2,Clear,37,128,9,None,81.4,174,0
02/07/2024 16:40,Truck_4,-53.5264,13.0019,291,Delivered,24.2,67,Heavy,29,431,9,Traffic,90.1,172,1
10/01/2024 16:52,Truck_1,49.3049,-55.6493,199,Delivered,23.4,64.4,Heavy,59,476,10,Traffic,81.3,123,1
25/10/2024 16:02,Truck_8,72.9981,12.4029,488,Delivered,21.9,75.8,Detour,30,147,3,Mechanical Failure,81.6,252,0
27/02/2024 21:46,Truck_1,80.4177,-39.9632,445,Delayed,20.6,68.2,Clear,41,418,9,None,93.6,184,1
06/08/2024 04:29,Truck_2,-51.0247,1.8063,247,Delayed,19.3,62.9,Clear,55,466,2,Weather,78,183,1
09/09/2024 18:54,Truck_4,5.2922,172.6376,351,In Transit,29.7,52.1,Clear,41,330,8,Weather,94.5,108,0
21/01/2024 12:56,Truck_1,54.3099,-98.941,311,Delayed,28.9,77.8,Heavy,43,415,1,Mechanical Failure,76.4,210,1
23/10/2024 21:11,Truck_5,-3.8161,-159.7257,495,Delivered,29.5,50.6,Detour,58,179,3,Mechanical Failure,72.3,245,0
22/03/2024 03:06,Truck_3,-69.8431,-171.5361,237,In Transit,23.6,62.7,Detour,35,323,9,Weather,66.8,267,0
07/09/2024 01:58,Truck_2,9.3528,120.0011,290,Delivered,28.7,72.6,Clear,45,151,8,Traffic,81.7,280,0
13/02/2024 05:24,Truck_2,-74.3396,-150.6339,111,Delayed,22.7,75.6,Clear,47,207,4,None,60.4,131,1
30/01/2024 15:36,Truck_2,-62.0623,133.8872,373,Delayed,27.6,65.8,Heavy,23,396,1,Traffic,79.3,126,1
06/03/2024 06:10,Truck_10,-53.1354,-164.488,458,In Transit,25.5,52.1,Detour,32,183,6,Weather,93.5,154,0
31/10/2024 07:46,Truck_4,85.0389,-138.3248,354,In Transit,24.7,64.1,Detour,15,298,4,Mechanical Failure,71.9,162,0
21/06/2024 10:02,Truck_3,48.9598,-160.9134,165,Delayed,28.8,51.6,Heavy,49,410,8,Mechanical Failure,88.4,291,1
25/07/2024 17:59,Truck_8,44.3639,134.3967,471,Delayed,19.8,55.2,Clear,36,369,6,Mechanical Failure,94.7,183,1
21/02/2024 22:00,Truck_8,-33.1628,143.557,410,Delivered,27.5,58.5,Detour,21,439,9,Mechanical Failure,72.4,182,0
22/06/2024 06:59,Truck_8,-61.1518,140.8152,407,In Transit,19.9,50.7,Heavy,55,421,1,Mechanical Failure,87.2,237,1
09/02/2024 21:00,Truck_10,-87.8115,97.0492,134,Delivered,19.5,75.3,Clear,45,424,6,Weather,80.9,175,0
16/12/2024 00:30,Truck_10,-48.3575,115.8351,394,Delayed,26.9,62.1,Detour,29,419,10,None,90.7,139,1
22/03/2024 23:53,Truck_10,-59.5674,11.3653,480,Delayed,23.9,57.9,Heavy,57,204,6,None,62.3,146,1
26/07/2024 08:02,Truck_7,-37.2055,79.4485,159,In Transit,25.6,76.6,Clear,25,213,5,Weather,82.2,144,0
11/04/2024 04:50,Truck_8,38.1095,164.7654,131,Delayed,19.1,73.3,Heavy,10,353,3,Weather,89.4,149,1
31/05/2024 15:07,Truck_1,-20.0991,20.1825,224,Delayed,20.2,58.9,Heavy,34,166,6,Mechanical Failure,84.6,105,1
12/04/2024 15:44,Truck_10,89.3898,-93.1034,120,Delivered,22.6,56.4,Clear,60,151,9,Weather,69.9,194,0
14/03/2024 18:05,Truck_4,85.8393,74.4208,321,Delayed,30,75.4,Heavy,14,391,1,None,67.3,138,1
09/08/2024 21:10,Truck_1,29.5637,-162.339,238,Delivered,26.6,50.9,Heavy,59,160,1,Mechanical Failure,76.8,233,1
18/09/2024 10:59,Truck_1,13.5274,-108.9153,297,In Transit,18.1,77.3,Clear,22,376,10,None,80.2,168,0
13/03/2024 21:43,Truck_2,49.8896,46.7765,219,Delivered,22.3,56.9,Heavy,44,144,8,None,62.2,188,1
17/08/2024 04:39,Truck_3,61.9951,28.0639,204,In Transit,29.8,58.9,Heavy,10,484,3,Weather,93,238,1
31/01/2024 00:01,Truck_1,88.3545,123.8561,469,In Transit,21.5,52.2,Heavy,56,405,10,Weather,95.5,135,1
27/02/2024 17:30,Truck_9,-1.4258,112.8174,146,Delayed,24.2,72.4,Clear,22,321,9,Mechanical Failure,88.2,190,1
22/09/2024 00:34,Truck_3,-18.3801,-175.0496,215,Delivered,18.9,63.4,Heavy,57,382,4,Weather,71.2,274,1
03/10/2024 07:58,Truck_3,72.6206,46.1393,454,In Transit,22.8,73.3,Heavy,45,276,5,Weather,87.4,261,1
14/08/2024 19:26,Truck_4,-10.0844,-0.6042,145,Delivered,29.2,67.3,Clear,36,230,4,Traffic,85.3,269,0
24/12/2024 21:30,Truck_10,73.6225,125.9589,410,Delivered,18.8,78,Heavy,35,228,2,Mechanical Failure,92.1,111,1
16/07/2024 21:14,Truck_4,-67.5109,-162.0537,350,Delayed,21.8,60.4,Clear,15,238,3,Weather,81.1,300,1
01/12/2024 17:38,Truck_1,-4.42,-44.1619,474,Delayed,29.5,51.1,Detour,34,136,8,None,67.8,268,1
08/10/2024 12:36,Truck_1,-31.9299,48.9536,357,Delivered,20.9,50.9,Detour,30,495,1,Weather,65.6,288,0
27/05/2024 19:21,Truck_1,-84.5861,-56.9044,171,In Transit,28.8,59.3,Clear,56,437,10,None,99.6,235,0
21/03/2024 22:22,Truck_3,-20.6577,-86.8013,137,Delivered,24,78,Heavy,29,425,7,Weather,69.4,270,1
04/05/2024 10:52,Truck_3,-56.5959,153.5316,147,Delivered,24.9,67.6,Heavy,57,157,4,Traffic,62.1,261,1
11/05/2024 12:13,Truck_5,20.6546,79.9499,194,In Transit,22.9,69.7,Clear,11,140,4,Weather,84.7,293,0
28/12/2024 20:25,Truck_5,-19.7553,54.2697,291,Delayed,24.1,70.8,Heavy,25,414,8,None,99.4,225,1
06/04/2024 01:48,Truck_3,68.0702,98.5995,176,Delivered,29.5,61.9,Clear,31,306,6,Weather,73.5,217,0
12/08/2024 10:11,Truck_4,25.964,-133.3578,240,In Transit,27.4,72.9,Detour,29,272,8,Mechanical Failure,72.3,106,0
08/02/2024 10:12,Truck_1,-86.701,-140.0339,412,Delayed,23.8,71.6,Heavy,54,301,6,Weather,76.8,183,1
02/10/2024 18:31,Truck_2,-35.9441,-133.4183,359,Delivered,22.6,72.9,Clear,60,142,4,Traffic,78.5,255,0
25/11/2024 18:46,Truck_8,62.9176,116.017,491,In Transit,20.6,74.7,Detour,16,183,7,Weather,60.3,273,0
28/03/2024 14:33,Truck_3,69.7549,-126.8123,130,Delayed,29.9,65,Detour,50,385,10,Traffic,72.6,106,1
14/12/2024 12:42,Truck_8,-0.5355,120.9793,336,In Transit,22.1,75.2,Detour,33,443,5,Mechanical Failure,73.2,186,0
13/03/2024 18:47,Truck_9,57.9277,-106.3278,330,In Transit,29.5,68.5,Clear,14,358,1,Mechanical Failure,70,283,0
28/02/2024 00:53,Truck_6,-86.177,112.1068,118,In Transit,25.1,59.5,Clear,36,200,1,None,80.6,239,0
18/10/2024 21:26,Truck_2,-9.2728,-173.0699,147,In Transit,21.6,52,Clear,24,187,7,Traffic,71,173,0
11/01/2024 03:09,Truck_3,-84.3224,76.1163,258,Delivered,23.3,71.8,Heavy,20,466,7,Traffic,80.6,277,1
25/09/2024 09:44,Truck_7,-27.8806,-32.4778,315,Delayed,21.7,54.9,Heavy,51,479,7,Traffic,83.7,293,1
26/06/2024 20:47,Truck_8,-48.8409,171.332,233,Delayed,25.3,52.8,Detour,19,123,7,Weather,92.3,192,1
24/02/2024 07:23,Truck_4,28.627,162.8857,282,Delivered,18.4,68.8,Heavy,16,281,4,Mechanical Failure,78.8,285,1
04/02/2024 20:41,Truck_2,-7.2601,52.512,117,Delayed,28,73.9,Heavy,55,156,10,Weather,63.7,277,1
28/02/2024 18:13,Truck_1,-16.8576,-8.0033,242,In Transit,23.7,56,Detour,41,190,5,Traffic,61.8,265,0
27/04/2024 15:33,Truck_8,-42.1652,-40.9587,497,Delivered,24.1,77.5,Clear,39,319,10,Traffic,60,224,0
27/10/2024 00:36,Truck_10,4.2073,-152.132,384,Delayed,25.6,78.8,Detour,52,161,10,Mechanical Failure,83.6,161,1
08/01/2024 09:23,Truck_9,7.8031,43.4739,258,Delivered,26.8,60.5,Clear,12,413,8,Weather,86.9,207,0
01/04/2024 18:35,Truck_4,-6.8792,165.0017,258,Delivered,29.4,66.1,Heavy,54,395,2,Mechanical Failure,71.4,256,1
05/03/2024 12:35,Truck_7,60.6073,74.3625,291,In Transit,26.9,52.3,Heavy,34,253,2,Traffic,94.9,228,1
22/08/2024 06:38,Truck_9,-87.2317,143.0006,135,Delayed,29,62.2,Heavy,24,155,3,Mechanical Failure,69.4,196,1
20/01/2024 14:38,Truck_10,38.825,-51.8451,437,Delayed,23.3,61.6,Heavy,45,177,5,Mechanical Failure,93.3,106,1
06/07/2024 18:05,Truck_9,-53.5255,-1.9486,441,Delayed,23.1,57.1,Clear,55,490,10,Weather,65.1,289,1
12/05/2024 20:36,Truck_6,71.1182,-120.1134,268,Delayed,20.3,78.1,Detour,30,102,6,Weather,91.7,132,1
20/11/2024 15:27,Truck_2,-78.4902,-101.3255,142,Delayed,24,51.6,Clear,40,160,7,None,70,276,1
14/08/2024 18:56,Truck_9,35.0933,-170.9221,264,In Transit,25.3,55.2,Clear,51,213,10,Mechanical Failure,85.5,173,0
02/10/2024 10:12,Truck_3,67.0296,-18.7078,426,Delayed,25.3,56.8,Clear,15,241,5,Traffic,83.5,224,1
04/04/2024 17:32,Truck_8,-29.6573,-37.6029,214,Delayed,24.3,56.9,Clear,35,497,6,Weather,70.2,111,1
08/01/2024 21:16,Truck_5,-9.1109,76.762,123,Delivered,19.3,63.4,Detour,35,303,3,None,64.9,240,0
02/04/2024 22:44,Truck_7,50.7076,-21.7653,295,In Transit,22.2,64.9,Heavy,19,385,9,Weather,77.1,235,1
09/04/2024 22:12,Truck_5,48.352,-54.56,378,In Transit,23.3,78.7,Clear,17,364,8,Mechanical Failure,96.1,230,0
08/07/2024 11:01,Truck_4,-39.7867,81.5636,209,Delayed,19.3,51,Detour,18,443,2,Mechanical Failure,91.5,213,1
21/03/2024 10:50,Truck_6,36.5436,71.7597,325,Delayed,28.8,55,Clear,56,316,4,Weather,77.8,300,1
22/11/2024 22:18,Truck_6,32.8663,-79.992,362,Delayed,21.7,54.6,Heavy,22,441,3,None,74.6,194,1
24/04/2024 00:08,Truck_4,-0.1019,99.8069,451,Delivered,27.5,56.7,Clear,23,446,6,Traffic,62.1,203,0
05/06/2024 08:51,Truck_9,-56.8231,71.5841,201,In Transit,27.5,53.1,Clear,10,169,3,None,65.1,242,0
01/03/2024 10:10,Truck_3,-61.9668,113.8899,442,Delayed,23.6,58.1,Clear,47,165,1,Traffic,93.3,191,1
06/07/2024 21:09,Truck_1,-63.8035,61.4571,274,In Transit,19.3,70.3,Detour,26,404,7,Weather,81,141,0
28/11/2024 16:05,Truck_5,-31.7275,-28.5676,180,In Transit,24.9,68.9,Clear,14,189,3,Traffic,89.4,275,0
23/03/2024 21:22,Truck_1,69.9959,-10.5335,213,Delayed,22.8,65,Detour,51,361,6,None,74.5,274,1
24/04/2024 05:44,Truck_10,-63.1722,145.3756,353,In Transit,22,66.8,Heavy,27,327,9,Traffic,71.2,146,1
11/06/2024 04:47,Truck_8,35.7913,6.3765,495,Delivered,20.6,71.5,Heavy,32,166,2,Weather,62.5,282,1
12/08/2024 00:54,Truck_1,-58.8531,45.0498,162,Delayed,21.3,76.8,Detour,53,164,3,None,61.6,104,1
31/05/2024 03:05,Truck_3,49.4007,-106.1531,252,Delayed,28,66.5,Detour,44,298,6,Traffic,72.8,150,1
05/04/2024 10:26,Truck_2,8.4222,-69.7522,361,Delivered,19.5,78.6,Clear,21,358,9,Weather,93,235,0
12/12/2024 16:21,Truck_6,-6.5166,-143.3822,115,Delivered,29.3,65.1,Heavy,32,445,1,Weather,79.4,123,1
11/02/2024 08:18,Truck_3,-43.1797,-64.4769,172,Delivered,22.5,69.7,Heavy,55,216,9,Weather,72.1,106,1
11/10/2024 15:23,Truck_8,45.047,69.7014,403,In Transit,28.2,76.1,Heavy,51,457,7,Traffic,73.9,229,1
27/06/2024 16:27,Truck_2,-15.8011,138.7785,426,In Transit,22,73.1,Clear,29,392,5,None,94.6,236,0
10/09/2024 19:47,Truck_7,-30.8564,26.7562,368,Delayed,26.6,74.9,Detour,28,341,6,None,97.1,217,1
02/07/2024 13:06,Truck_9,16.0296,-36.3349,173,Delayed,24.9,58.1,Clear,34,287,9,Mechanical Failure,96.8,131,1
31/08/2024 20:18,Truck_9,81.3962,-79.6193,371,In Transit,22.9,67.2,Heavy,35,121,8,Weather,90.9,213,1
13/07/2024 00:23,Truck_4,77.5436,-156.2479,199,Delayed,28.5,68.8,Heavy,18,201,2,Mechanical Failure,71.2,181,1
09/07/2024 10:12,Truck_4,51.8047,66.0193,319,In Transit,22.3,50.8,Clear,52,188,8,Traffic,66.4,153,0
06/05/2024 23:58,Truck_4,37.5523,145.1973,437,In Transit,29.1,76.5,Clear,46,122,10,None,73.6,111,0
07/01/2024 15:00,Truck_9,30.5875,132.7309,203,Delayed,19.2,63.6,Heavy,31,123,9,Mechanical Failure,84.1,270,1
08/03/2024 18:02,Truck_8,-86.9276,120.7534,466,In Transit,26.3,70.4,Heavy,53,291,8,Weather,62.1,287,1
04/03/2024 09:26,Truck_8,-44.6569,129.8625,418,In Transit,22.9,62,Detour,26,405,1,None,62.3,124,0
12/10/2024 07:07,Truck_7,53.8186,-158.4252,124,Delayed,26.7,50.1,Clear,10,460,5,Mechanical Failure,69.4,130,1
07/08/2024 05:17,Truck_1,26.0226,103.2098,322,Delayed,25,57.7,Clear,15,190,4,Traffic,86.8,159,1
27/03/2024 21:00,Truck_8,14.1508,-54.4659,351,Delivered,25.1,74.2,Heavy,54,223,9,Traffic,62.2,267,1
03/10/2024 07:39,Truck_4,22.8356,-12.873,350,In Transit,27,66.7,Detour,56,207,2,Mechanical Failure,64,248,0
24/06/2024 01:25,Truck_7,79.2334,166.4549,179,Delivered,20.6,53.6,Heavy,36,480,7,Mechanical Failure,72.1,246,1
30/01/2024 08:32,Truck_6,-9.0289,-69.4256,338,Delivered,27.3,70.1,Heavy,29,129,1,None,82.4,281,1
15/01/2024 07:48,Truck_10,71.2228,-86.3993,334,Delivered,28.9,62.8,Clear,15,106,5,Weather,97.2,127,0
30/12/2024 08:15,Truck_10,-29.6864,-88.6901,411,In Transit,19,55.4,Clear,14,409,7,None,94.5,192,0
01/08/2024 21:42,Truck_7,-19.5759,-39.5531,481,Delayed,22.8,74.7,Detour,42,157,1,Weather,65.2,259,1
17/05/2024 19:53,Truck_2,81.1,113.2247,224,Delayed,26.4,75.4,Detour,23,234,4,Mechanical Failure,86.6,131,1
04/02/2024 05:26,Truck_8,32.7849,30.955,377,Delayed,19.5,51,Detour,11,226,8,Weather,64.1,266,1
18/07/2024 13:12,Truck_7,49.048,4.8896,283,Delayed,19.6,75.5,Heavy,49,496,6,Weather,78.9,130,1
01/01/2024 17:34,Truck_10,-13.9612,89.5342,174,Delayed,20.2,74.2,Detour,49,403,5,None,83.5,227,1
08/09/2024 14:29,Truck_4,64.4113,-121.7647,440,Delivered,20.4,62.4,Clear,35,199,10,None,80.3,269,0
26/02/2024 03:25,Truck_2,-77.7986,-155.4098,497,Delayed,21.8,71.3,Heavy,22,424,2,Weather,79.8,168,1
16/04/2024 04:37,Truck_7,16.2591,175.1485,337,Delivered,21.1,64.4,Detour,49,226,2,Traffic,89.6,298,0
11/12/2024 17:39,Truck_10,30.6749,78.4743,315,Delivered,21.4,62.6,Heavy,27,482,9,Traffic,77.2,153,1
16/09/2024 12:46,Truck_7,-18.0675,76.7802,219,Delivered,18.1,64.6,Clear,24,179,8,Weather,83.3,202,0
23/01/2024 18:52,Truck_8,-89.7784,-163.7965,247,Delayed,28.3,76.2,Clear,53,190,10,Mechanical Failure,93.6,111,1
28/03/2024 07:21,Truck_9,-30.5476,63.5282,148,Delayed,19,50.3,Detour,50,481,2,Mechanical Failure,87.3,243,1
28/04/2024 03:36,Truck_6,-16.8317,-114.4787,205,In Transit,23.4,61.4,Clear,31,279,2,Traffic,79.1,118,0
12/04/2024 19:45,Truck_2,42.6126,-69.5408,243,In Transit,28.9,57.8,Clear,33,277,10,Traffic,84.4,151,0
30/12/2024 02:31,Truck_8,44.5289,31.1002,226,Delayed,21,69.4,Detour,27,406,5,None,99.9,285,1
31/07/2024 17:11,Truck_2,84.7161,77.1114,350,Delivered,23.7,59.8,Detour,42,188,10,None,98.6,248,0
04/01/2024 19:58,Truck_4,-64.0954,-155.4074,272,Delayed,23.4,57.2,Clear,51,419,6,Mechanical Failure,63.1,159,1
05/02/2024 00:48,Truck_2,20.3388,-109.3313,378,In Transit,21,60.8,Heavy,30,318,3,Weather,84.8,181,1
27/09/2024 17:22,Truck_10,-14.5017,-20.1486,127,Delayed,23.7,51.2,Heavy,38,463,1,Traffic,78.9,272,1
07/10/2024 14:26,Truck_4,-35.3643,134.8909,275,In Transit,23,55.7,Clear,39,264,1,Mechanical Failure,64.4,281,0
09/01/2024 23:18,Truck_7,1.3295,83.6357,483,Delayed,28.6,72.4,Clear,51,243,1,Traffic,73.7,167,1
01/01/2024 18:29,Truck_3,88.7652,-178.2706,179,Delayed,25.5,70.9,Detour,12,427,9,None,60.3,157,1
18/12/2024 08:24,Truck_3,54.493,24.5979,325,Delivered,26.4,53.7,Detour,49,495,3,Weather,79.5,145,0
16/01/2024 09:47,Truck_10,49.7431,156.3216,256,Delivered,22.3,66.3,Heavy,10,462,1,Weather,95.5,276,1
12/09/2024 03:14,Truck_4,-86.9357,-84.9718,405,In Transit,20.5,55.6,Heavy,25,442,4,Traffic,70.5,269,1
16/11/2024 01:47,Truck_5,-59.6078,157.02,428,Delayed,23.5,67.3,Heavy,33,152,8,None,71.3,300,1
22/05/2024 04:50,Truck_1,-10.9298,-89.0306,247,Delayed,18.3,56.7,Heavy,60,194,6,None,66.8,192,1
03/06/2024 20:17,Truck_8,-54.3571,-133.1938,276,Delivered,19.6,53.4,Heavy,38,408,2,Traffic,89.2,118,1
17/03/2024 00:18,Truck_8,-82.1754,-169.4219,410,Delivered,25,72.9,Clear,21,306,2,Traffic,71.2,132,0
21/07/2024 09:43,Truck_1,-11.3631,83.0819,449,Delivered,28.8,76.2,Clear,31,234,8,Traffic,91.7,129,0
05/04/2024 06:44,Truck_6,-48.3838,-163.1177,403,Delivered,19.4,70.3,Clear,43,238,5,Mechanical Failure,79.7,202,0
16/01/2024 17:28,Truck_7,7.0557,-122.6525,380,Delayed,27.1,71.5,Clear,23,373,3,Mechanical Failure,97.1,286,1
18/12/2024 01:23,Truck_5,-1.0776,51.9075,417,In Transit,27,62.8,Heavy,33,373,1,Weather,74.1,122,1
18/12/2024 14:40,Truck_1,-81.5733,-17.3787,169,Delayed,28.4,74.4,Heavy,53,342,6,Traffic,98.1,179,1
04/03/2024 09:04,Truck_7,75.2109,170.3371,382,Delayed,22.2,63.2,Clear,12,467,6,None,80.6,210,1
08/11/2024 02:08,Truck_6,-21.4288,-164.2915,404,Delayed,18.8,69.3,Detour,59,307,10,Weather,67.7,223,1
22/05/2024 03:32,Truck_8,-49.145,-120.0898,399,Delayed,20.1,74.2,Detour,54,317,8,Mechanical Failure,88.2,143,1
16/07/2024 02:28,Truck_1,-87.3835,60.4609,271,Delivered,24.6,73,Detour,53,382,3,None,94.1,166,0
20/01/2024 21:06,Truck_1,69.6413,1.4327,332,Delayed,18.8,74.7,Heavy,16,279,2,None,61.8,289,1
16/04/2024 03:03,Truck_5,19.9466,-104.4665,445,Delivered,25.7,50.8,Heavy,28,414,2,Weather,75.5,140,1
07/02/2024 04:52,Truck_6,19.5573,171.8697,426,In Transit,23.6,58,Heavy,47,263,1,Traffic,92.9,136,1
16/01/2024 04:10,Truck_6,-46.9621,87.6972,419,In Transit,27,56.7,Detour,25,378,2,None,74.3,212,0
12/01/2024 02:20,Truck_4,-34.4433,-4.0669,128,Delayed,29,71,Detour,12,404,8,Traffic,81.3,272,1
16/10/2024 20:45,Truck_9,-7.8199,-78.215,200,In Transit,19.2,67.7,Heavy,11,349,6,None,73.6,299,1
01/08/2024 09:16,Truck_8,11.6611,44.7505,434,Delivered,29.4,76.3,Heavy,30,166,1,None,94.6,220,1
13/01/2024 21:07,Truck_1,-12.4175,135.9866,339,Delayed,26.4,73.8,Clear,58,488,3,None,89.3,299,1
27/03/2024 04:33,Truck_10,-79.3451,-52.5151,224,Delivered,19,79.9,Heavy,17,139,4,Weather,96.1,279,1
15/03/2024 14:48,Truck_10,24.4216,-7.0649,387,Delayed,18.4,79.5,Clear,17,456,2,Weather,65.9,155,1
25/04/2024 10:07,Truck_8,71.7196,-107.3427,146,Delayed,26,57.2,Clear,47,188,4,Mechanical Failure,76,131,1
20/08/2024 01:28,Truck_4,-69.6585,23.6323,177,In Transit,18.6,74.5,Heavy,16,429,1,Traffic,72.4,132,1
02/07/2024 13:50,Truck_1,67.365,71.5047,316,Delayed,26.4,60,Detour,36,274,1,Weather,68.2,218,1
06/07/2024 13:05,Truck_9,-31.9611,-75.8092,458,In Transit,25,79.6,Heavy,56,303,1,None,73.8,206,1
16/06/2024 11:37,Truck_4,-82.4812,139.058,481,Delivered,24,72.5,Detour,34,152,4,Mechanical Failure,79.8,299,0
12/06/2024 09:44,Truck_5,25.3254,132.6264,231,Delivered,19.4,66.6,Heavy,32,289,8,Mechanical Failure,77.6,240,1
20/07/2024 20:03,Truck_5,40.7401,110.4737,129,Delivered,19.2,77.9,Detour,11,448,4,None,68.9,132,0
16/10/2024 14:41,Truck_1,-53.779,30.8863,398,Delivered,29.1,75.3,Detour,58,172,1,Traffic,99.3,194,0
02/09/2024 03:17,Truck_5,-39.3791,-53.1316,149,Delayed,19.8,51.3,Heavy,24,386,6,Mechanical Failure,87.2,208,1
20/07/2024 16:26,Truck_5,46.2788,41.3453,338,In Transit,20.6,65,Detour,56,421,2,Mechanical Failure,86.9,142,0
19/08/2024 00:05,Truck_7,-65.9199,-160.2292,252,In Transit,27.1,59.8,Detour,53,457,8,Traffic,95.4,273,0
04/03/2024 10:19,Truck_5,-32.2707,98.1472,330,Delivered,26.5,59.2,Clear,51,274,3,Traffic,69.1,139,0
01/10/2024 07:42,Truck_5,73.392,-62.3138,464,Delayed,28.2,61.4,Heavy,20,177,3,Weather,60.3,279,1
02/02/2024 12:51,Truck_8,77.7678,-165.1979,141,Delayed,27.7,55,Clear,12,432,10,Mechanical Failure,87.5,278,1
31/10/2024 06:24,Truck_5,-2.8228,75.2804,463,In Transit,19.5,64.4,Detour,32,244,1,Traffic,69.8,294,0
01/12/2024 04:41,Truck_8,-74.278,137.456,223,In Transit,25.2,54.1,Detour,45,121,1,Mechanical Failure,85.9,153,0
15/03/2024 02:17,Truck_10,-21.5797,129.7599,301,In Transit,18.5,75.3,Clear,39,140,6,Weather,78.5,208,0
05/03/2024 22:52,Truck_10,35.9521,5.775,195,Delivered,26.9,79.8,Clear,57,190,2,Traffic,60.6,235,0
26/10/2024 23:46,Truck_7,-8.7267,-140.3988,310,Delivered,23.8,72.4,Clear,53,277,4,Mechanical Failure,91.3,122,0
17/03/2024 17:11,Truck_2,-56.1219,135.4235,100,In Transit,23.6,64.3,Detour,29,276,5,Mechanical Failure,89.1,198,0
13/01/2024 15:51,Truck_1,23.2259,110.6901,147,In Transit,18.7,68.5,Heavy,25,439,9,None,75.2,266,1
30/05/2024 23:00,Truck_9,-53.6993,79.0096,251,Delayed,22.8,62.9,Heavy,52,173,3,Mechanical Failure,72.9,268,1
31/07/2024 22:57,Truck_7,-3.822,-40.3169,108,Delivered,26.6,61.7,Detour,47,122,7,Weather,64.6,116,0
13/06/2024 04:47,Truck_6,-48.053,-175.0849,340,In Transit,27.9,69.1,Clear,32,162,2,Weather,90.9,300,0
06/07/2024 15:59,Truck_3,68.132,-51.5071,167,Delayed,21.6,54.6,Clear,46,240,10,Weather,60.5,278,1
28/02/2024 12:30,Truck_3,-80.4289,177.558,488,Delivered,24.9,79.2,Heavy,52,290,10,Traffic,82.5,248,1
22/03/2024 06:45,Truck_8,42.9526,146.6224,330,Delivered,24.4,79.5,Clear,19,110,7,None,66.3,109,0
29/01/2024 19:22,Truck_9,-40.5556,55.0777,177,Delivered,25.6,71.9,Detour,20,193,6,Mechanical Failure,95.5,182,0
09/07/2024 02:11,Truck_4,-12.7845,-147.2449,132,Delivered,22.9,66.5,Clear,35,209,6,Mechanical Failure,94.3,122,0
20/06/2024 13:30,Truck_6,-63.6304,164.185,208,Delayed,22.5,65.9,Heavy,38,462,7,Weather,83.1,193,1
01/06/2024 00:41,Truck_6,21.8816,128.7922,348,Delayed,25.8,62.9,Detour,24,352,6,Weather,96.5,164,1
23/03/2024 20:27,Truck_4,-85.9619,103.5733,156,In Transit,19.4,75.2,Heavy,44,135,1,Weather,66.6,108,1
18/04/2024 04:50,Truck_5,-36.6154,-46.3008,468,Delivered,26.6,59,Heavy,16,144,4,Weather,86.8,276,1
26/06/2024 09:25,Truck_7,-85.0916,68.3039,142,Delayed,28.4,67.3,Detour,30,181,6,Weather,84.3,104,1
04/02/2024 01:08,Truck_10,-13.6168,-165.0825,349,In Transit,21.1,55.1,Heavy,13,453,10,Weather,65.1,111,1
01/04/2024 16:27,Truck_4,42.6032,146.1485,226,Delivered,23.9,61.2,Heavy,13,211,2,Mechanical Failure,67.5,232,1
14/08/2024 21:28,Truck_2,86.8195,-21.0786,481,In Transit,22.4,77.9,Detour,25,143,8,Traffic,71.4,124,0
03/10/2024 18:21,Truck_5,-82.6294,-72.3332,448,Delivered,20.1,65.7,Clear,20,180,7,Mechanical Failure,61.7,253,0
25/03/2024 12:22,Truck_5,41.9728,81.4274,441,Delayed,18.9,67,Detour,48,359,8,Mechanical Failure,76,300,1
12/09/2024 22:46,Truck_10,-7.3863,-44.8767,470,Delivered,25.1,70.3,Heavy,11,417,3,Mechanical Failure,76.5,126,1
03/05/2024 22:24,Truck_10,-21.2573,12.4574,459,In Transit,26.4,50.6,Heavy,17,222,9,Traffic,94.9,265,1
27/05/2024 09:56,Truck_6,-33.9378,-176.3102,324,In Transit,27.7,54.8,Clear,46,344,10,Traffic,70.7,105,0
25/05/2024 08:35,Truck_8,23.9115,179.0046,194,Delayed,24.9,57.9,Detour,10,220,3,None,77.3,172,1
20/03/2024 08:55,Truck_9,-80.5196,-2.9668,334,Delivered,22.8,61.1,Clear,52,389,2,Traffic,88,123,0
23/05/2024 15:33,Truck_2,45.8603,148.4775,179,Delivered,25.5,75.8,Clear,19,139,9,Traffic,83.5,282,0
19/10/2024 23:58,Truck_8,60.0491,-175.5019,401,Delayed,27.1,67.2,Detour,51,487,3,Weather,86.3,238,1
11/04/2024 04:39,Truck_10,-33.9528,-54.2201,384,In Transit,24.2,72.5,Heavy,50,131,3,Weather,80.1,141,1
10/03/2024 06:12,Truck_9,7.9549,-109.2897,434,Delivered,22,69.2,Heavy,17,233,10,None,63.4,138,1
28/12/2024 10:46,Truck_10,-6.9237,20.9631,366,Delayed,18.7,59.1,Detour,39,466,6,Traffic,82.7,109,1
06/05/2024 07:22,Truck_3,-80.5883,-167.4673,269,In Transit,27.7,57.5,Detour,54,288,6,None,89.8,116,0
17/01/2024 04:29,Truck_1,-60.3563,95.7232,292,Delivered,22.7,61,Clear,42,358,9,Mechanical Failure,77.7,256,0
28/09/2024 01:41,Truck_6,-83.3207,19.9119,288,Delivered,25.4,62,Clear,54,154,2,Traffic,71.9,211,0
06/03/2024 02:39,Truck_8,-54.4964,-93.8603,286,Delivered,20.7,59,Heavy,43,387,4,Traffic,60.7,134,1
16/08/2024 05:55,Truck_7,66.5399,160.551,155,Delayed,24,72.4,Detour,28,398,6,Traffic,63.8,278,1
07/08/2024 09:39,Truck_8,16.1144,-24.4118,488,Delivered,26.5,66.6,Heavy,41,104,1,Mechanical Failure,67.1,151,1
30/04/2024 20:36,Truck_8,-84.9601,17.4992,386,In Transit,21.8,79.7,Detour,15,463,1,Traffic,75,224,0
03/07/2024 12:38,Truck_3,-62.6441,-34.4446,153,Delivered,20.7,55.3,Detour,55,304,8,None,79.5,147,0
27/04/2024 09:13,Truck_5,82.9727,171.1469,317,Delayed,26.5,52.7,Heavy,37,427,2,Traffic,69.9,233,1
11/12/2024 16:22,Truck_5,-50.8081,11.3148,281,In Transit,28,73.5,Detour,43,390,5,Mechanical Failure,86.4,153,0
30/04/2024 19:31,Truck_8,67.8612,174.7961,473,Delayed,24.8,61.7,Heavy,19,360,10,Weather,97.3,186,1
26/03/2024 15:40,Truck_7,52.0415,-64.6403,221,Delivered,25.2,68.5,Detour,41,101,9,None,99.3,287,0
19/02/2024 23:24,Truck_2,-74.9003,146.0765,276,In Transit,29.2,77.1,Clear,39,483,7,None,71.5,157,0
15/09/2024 01:08,Truck_5,-10.7414,-56.5849,331,Delivered,21.6,61.2,Heavy,24,450,8,Traffic,64.4,123,1
07/05/2024 12:49,Truck_2,77.436,42.529,249,Delivered,24.3,78.8,Heavy,13,125,2,Mechanical Failure,78.7,165,1
30/06/2024 04:50,Truck_1,-39.701,158.9084,379,Delayed,23.8,78.8,Detour,22,361,5,Weather,89.3,112,1
08/11/2024 03:31,Truck_10,65.9337,130.6003,489,In Transit,18.4,59.9,Detour,28,136,9,Traffic,74.3,272,0
27/09/2024 15:16,Truck_8,-3.7749,-110.6148,211,In Transit,19.8,52.8,Heavy,23,423,1,Traffic,80.6,185,1
26/10/2024 22:42,Truck_8,-22.1627,-58.0963,454,In Transit,18.9,50.9,Detour,45,230,7,Weather,70.2,116,0
23/09/2024 14:50,Truck_10,-7.7974,-150.3367,427,In Transit,23.9,56.2,Heavy,31,443,3,None,89,148,1
19/08/2024 08:18,Truck_7,-47.9015,-121.4183,332,In Transit,24.4,69.5,Heavy,27,343,5,Traffic,87.6,235,1
20/10/2024 12:32,Truck_1,64.0594,-102.2596,195,In Transit,19.3,70.6,Heavy,34,134,2,Traffic,98.2,220,1
27/07/2024 09:16,Truck_9,38.5127,-17.3878,249,Delivered,23.6,74.3,Detour,45,482,7,Mechanical Failure,66.8,246,0
26/11/2024 11:25,Truck_4,53.447,-162.7863,274,Delayed,22,51.1,Heavy,38,175,4,Traffic,64,271,1
23/05/2024 20:20,Truck_6,77.998,-97.0043,272,In Transit,19,72.1,Detour,32,113,6,None,94.9,119,0
26/08/2024 13:29,Truck_1,-83.1143,74.21,214,Delayed,27,55,Clear,18,319,3,Mechanical Failure,67,127,1
15/01/2024 08:13,Truck_6,14.4593,157.9293,487,Delayed,18.7,62,Detour,35,432,9,None,72.3,247,1
11/10/2024 10:29,Truck_10,-48.6056,-11.5509,420,Delayed,29.9,64.6,Heavy,34,282,10,Mechanical Failure,79.4,134,1
17/05/2024 11:54,Truck_5,-11.6172,47.739,135,Delayed,24.7,67.1,Heavy,26,380,7,Traffic,64.6,109,1
16/08/2024 22:23,Truck_1,17.7318,-166.4083,269,In Transit,25.2,63.5,Detour,19,262,7,Weather,71.6,295,0
22/08/2024 09:00,Truck_2,-31.4958,-37.5932,419,Delivered,21,74.2,Clear,29,386,9,Traffic,95.1,186,0
02/09/2024 16:36,Truck_6,79.6896,84.1175,407,Delivered,23.5,77.7,Detour,55,351,6,None,68.4,168,0
16/12/2024 12:03,Truck_9,-79.5331,-178.6658,331,In Transit,24.2,74,Detour,60,225,8,None,61,142,0
27/02/2024 15:58,Truck_1,63.9549,-128.7581,444,In Transit,20.8,63.9,Heavy,38,203,1,Weather,73.7,201,1
16/10/2024 12:27,Truck_1,61.1522,5.9286,319,In Transit,29.1,61.3,Detour,24,392,7,None,72.8,123,0
27/04/2024 12:02,Truck_10,-26.3913,-155.6326,402,Delivered,21,66.3,Clear,52,306,10,Weather,70.1,251,0
07/08/2024 08:25,Truck_10,14.8779,-139.1721,269,Delayed,19,73.6,Clear,50,307,3,Mechanical Failure,68.1,102,1
23/07/2024 23:11,Truck_10,49.6418,-121.3862,318,In Transit,22.5,59.3,Heavy,18,331,9,None,97.3,273,1
23/09/2024 02:31,Truck_3,-48.6654,115.3562,388,Delivered,24.6,74.3,Detour,29,461,1,Mechanical Failure,68.1,159,0
18/10/2024 06:34,Truck_6,38.047,-80.0446,166,Delayed,26.9,58.3,Clear,29,283,3,Weather,64.1,113,1
23/04/2024 08:06,Truck_10,9.8934,13.9028,338,Delivered,28.7,65.6,Heavy,45,348,8,Traffic,96.1,230,1
15/02/2024 19:39,Truck_4,-43.0411,-154.0658,457,In Transit,18.7,52.7,Clear,52,366,4,None,93.1,275,0
17/06/2024 14:27,Truck_6,-71.8307,-53.6072,274,Delivered,21.5,74,Heavy,23,448,5,Mechanical Failure,74.7,200,1
19/07/2024 13:04,Truck_7,16.1221,79.0279,332,Delayed,19.2,56.9,Detour,27,357,2,None,87.8,217,1
30/09/2024 14:31,Truck_4,1.3877,64.0078,388,In Transit,27.4,50.6,Detour,58,401,5,Mechanical Failure,81.4,196,0
06/08/2024 22:02,Truck_10,30.3691,-111.1134,377,Delivered,18.2,51.7,Detour,34,306,8,Traffic,87.9,139,0
04/03/2024 23:39,Truck_2,53.517,152.1576,265,Delivered,23.5,78.4,Clear,60,107,3,Weather,62.4,237,0
09/06/2024 06:11,Truck_8,-20.984,-125.2428,316,Delayed,19.8,70.6,Detour,18,194,4,Mechanical Failure,95.8,240,1
03/08/2024 20:36,Truck_6,-59.8257,-2.9502,239,In Transit,28.7,64,Clear,35,469,3,Weather,63.9,293,0
14/04/2024 08:17,Truck_3,-49.2845,40.5814,241,Delayed,21.4,70.9,Clear,48,121,4,Weather,75.3,195,1
28/07/2024 07:33,Truck_10,88.2246,-148.6037,326,Delayed,27.2,69.3,Detour,24,492,9,Weather,72.5,223,1
13/09/2024 12:35,Truck_2,-13.535,94.6256,357,Delivered,24,76.1,Detour,39,339,9,Traffic,97.8,146,0
05/09/2024 05:28,Truck_6,57.1287,148.1805,279,Delivered,19.6,55.9,Heavy,30,187,9,Traffic,90.5,126,1
02/01/2024 07:22,Truck_2,-61.8546,43.8074,106,Delivered,26.7,53.3,Detour,39,128,5,Weather,88,117,0
08/11/2024 05:03,Truck_7,9.0931,-155.6411,381,In Transit,20,52.9,Clear,13,216,5,Weather,87.3,160,0
15/11/2024 06:42,Truck_7,-19.6632,-133.2353,416,Delivered,20.5,61.9,Detour,51,172,1,Weather,75.5,112,0
16/12/2024 21:09,Truck_9,43.4429,-106.3154,147,Delayed,19,73.2,Detour,60,260,5,Mechanical Failure,77.2,216,1
27/03/2024 02:27,Truck_3,-24.6226,30.2486,277,In Transit,28.1,55.1,Clear,44,111,3,Weather,91.8,282,0
29/09/2024 14:00,Truck_1,5.6237,177.8639,116,Delivered,23,79.6,Detour,55,362,1,None,96.6,222,0
08/10/2024 14:00,Truck_7,-49.8421,-83.2963,324,Delivered,22.2,62.9,Heavy,50,365,7,Weather,95.8,210,1
23/12/2024 22:24,Truck_1,22.5359,82.6248,325,In Transit,26,56,Clear,34,359,4,None,72.2,248,0
03/06/2024 09:40,Truck_10,30.8916,173.4833,245,Delivered,22,61.2,Detour,22,480,6,Weather,89.3,284,0
26/06/2024 11:19,Truck_5,3.0051,-89.4957,424,Delivered,23.2,50.2,Clear,55,385,9,Weather,83.2,228,0
13/12/2024 17:26,Truck_5,-9.8416,87.3444,467,Delayed,26.5,62.1,Heavy,54,222,2,Traffic,97.3,259,1
24/03/2024 12:07,Truck_4,-84.6425,70.457,262,In Transit,23.4,62,Heavy,36,272,7,None,82.9,146,1
17/09/2024 03:48,Truck_7,1.8375,71.811,356,Delivered,21.6,60.4,Clear,45,292,1,Mechanical Failure,94.3,196,0
23/09/2024 17:43,Truck_6,-69.8671,-68.073,166,Delayed,20.4,70.2,Clear,19,391,5,None,74,238,1
19/11/2024 04:06,Truck_4,72.8374,179.4522,349,In Transit,25.6,53.9,Heavy,26,189,9,Weather,77.1,285,1
13/08/2024 01:42,Truck_7,50.8775,-155.5478,338,Delivered,26.8,68.3,Detour,45,458,9,Mechanical Failure,76.7,191,0
08/08/2024 13:11,Truck_5,23.7118,-92.9098,273,Delivered,19.9,63.6,Clear,27,265,8,Weather,77,243,0
09/09/2024 10:53,Truck_7,65.9641,85.9925,239,In Transit,25.8,56,Detour,50,274,7,Weather,88.3,261,0
27/11/2024 09:05,Truck_9,41.7285,131.8376,278,Delivered,22.8,52.9,Heavy,18,104,4,Traffic,71.2,190,1
29/04/2024 15:32,Truck_1,-79.2933,52.6196,412,Delayed,20.2,65,Clear,14,230,2,Mechanical Failure,72.9,249,1
30/12/2024 19:22,Truck_6,78.1285,162.4365,125,In Transit,25.4,61.5,Detour,50,408,6,None,83.4,221,0
19/12/2024 21:18,Truck_8,56.5445,31.2501,404,Delivered,24.7,74.2,Heavy,23,459,1,Traffic,71.7,127,1
06/09/2024 12:53,Truck_9,44.2451,-34.2571,392,Delivered,29.1,51.3,Clear,35,434,7,None,70.8,249,0
30/12/2024 07:08,Truck_7,-27.8944,104.517,145,Delivered,29.8,75.7,Detour,60,287,9,Traffic,87.6,216,0
16/11/2024 16:38,Truck_4,77.0206,0.8221,485,Delayed,24.6,50.3,Heavy,11,155,1,Mechanical Failure,84.9,161,1
08/06/2024 09:09,Truck_4,72.3311,-105.9002,312,Delayed,19.1,52,Detour,50,263,2,None,87.6,123,1
24/04/2024 17:57,Truck_6,-30.4204,70.9998,286,In Transit,25.1,56.2,Detour,50,408,10,Traffic,99.3,148,0
01/03/2024 20:32,Truck_3,-71.5279,-171.9428,396,In Transit,23,61.1,Clear,14,439,8,None,91.9,119,0
23/02/2024 18:40,Truck_1,-53.2492,-17.118,352,Delivered,26.6,70.3,Detour,12,260,7,Traffic,77.4,267,0
25/09/2024 05:14,Truck_7,-30.8076,-167.4756,410,Delivered,28.4,52.7,Detour,48,352,8,Weather,95.5,213,0
09/03/2024 19:11,Truck_10,-44.764,-118.3579,484,Delayed,22.8,53.7,Clear,18,176,4,Weather,73.7,131,1
29/01/2024 14:54,Truck_1,47.5743,144.998,152,In Transit,18.7,68.6,Clear,51,483,2,Weather,87.8,163,0
07/10/2024 17:53,Truck_5,-23.2761,-88.0696,329,Delivered,27.3,68.4,Detour,57,418,1,Traffic,90,101,0
17/10/2024 15:23,Truck_3,-18.8295,76.8645,314,Delayed,23.8,63.7,Detour,41,117,8,None,69.5,147,1
30/01/2024 00:58,Truck_3,58.3197,0.0698,121,In Transit,27.2,71.1,Detour,44,340,8,None,74.6,286,0
15/08/2024 08:04,Truck_1,-84.8788,-37.2609,428,Delivered,24.1,58.4,Detour,11,111,6,Weather,81.1,111,0
06/02/2024 09:01,Truck_10,28.387,33.4827,113,In Transit,23,73.4,Detour,50,309,8,Traffic,71.7,293,0
08/01/2024 14:39,Truck_7,87.018,-27.3053,201,Delayed,27.9,64.4,Clear,30,198,7,Weather,93.9,276,1
11/04/2024 06:00,Truck_8,-9.7509,-86.2981,227,Delayed,28.3,62.8,Detour,30,400,4,Traffic,68.2,194,1
20/03/2024 21:32,Truck_2,79.8212,-21.6975,445,Delivered,25.3,57.9,Detour,38,364,1,Traffic,93.6,275,0
29/04/2024 10:31,Truck_2,33.0027,-70.5854,407,In Transit,29.6,64.3,Heavy,10,102,6,None,98.5,133,1
20/12/2024 11:12,Truck_8,-12.452,-174.3397,135,In Transit,22.9,60.9,Heavy,42,379,8,Traffic,93.2,159,1
05/07/2024 18:54,Truck_1,-19.6171,-163.0539,160,Delivered,22.3,69.7,Detour,37,255,7,Traffic,66.8,170,0
27/02/2024 01:39,Truck_5,13.7939,25.2973,472,In Transit,22.7,53,Heavy,30,389,6,Weather,86.8,232,1
11/10/2024 19:36,Truck_10,-46.8643,158.7293,408,In Transit,19.5,65.2,Detour,25,230,3,Traffic,61.9,245,0
28/12/2024 10:23,Truck_4,-35.2452,78.2544,306,Delayed,26.1,74.8,Heavy,37,232,7,None,77.1,289,1
28/01/2024 02:18,Truck_3,17.5448,-68.5291,107,In Transit,28.6,54.6,Detour,52,180,1,Traffic,89.8,194,0
11/10/2024 05:31,Truck_2,-87.1408,-147.3922,155,Delivered,26.9,75,Detour,25,446,5,Mechanical Failure,96.8,176,0
07/10/2024 13:44,Truck_10,-73.5498,115.0268,414,Delivered,26.8,73.9,Heavy,14,130,1,Mechanical Failure,86.9,267,1
07/06/2024 10:37,Truck_5,75.223,158.8602,177,Delayed,19.9,58.4,Clear,57,335,5,Weather,98.6,283,1
20/12/2024 04:15,Truck_9,-40.8267,51.4673,118,Delivered,26.8,65.4,Detour,21,475,1,Mechanical Failure,96.9,165,0
11/02/2024 21:05,Truck_1,-80.2129,116.4288,438,In Transit,25,65.2,Detour,49,421,3,None,82.4,273,0
22/02/2024 20:07,Truck_1,18.761,139.9566,154,Delayed,26.8,56,Clear,13,413,8,Traffic,73.8,220,1
25/05/2024 08:22,Truck_8,9.1346,9.0052,320,In Transit,24.3,77,Clear,56,410,3,Traffic,73.4,141,0
03/07/2024 12:21,Truck_1,-28.6942,-75.4244,402,Delayed,20.3,56.6,Detour,52,149,4,Weather,82.6,158,1
28/01/2024 23:24,Truck_7,23.9592,-88.7602,443,Delivered,18.9,68.8,Clear,36,159,2,Weather,86.3,171,0
10/06/2024 09:00,Truck_7,68.1545,43.8007,246,In Transit,22,58.1,Heavy,54,128,7,Traffic,61,265,1
08/03/2024 23:13,Truck_9,76.0358,53.043,146,In Transit,20.7,50.6,Clear,28,201,10,Weather,75.9,178,0
27/07/2024 10:13,Truck_1,-30.0307,157.1442,108,Delivered,23,73.4,Clear,13,324,2,Mechanical Failure,77.9,233,0
10/09/2024 19:41,Truck_1,-79.2584,125.5026,152,Delivered,22.8,65.2,Heavy,33,386,4,Weather,63.3,227,1
27/04/2024 03:04,Truck_10,-86.6606,29.6786,361,Delayed,29.7,62.2,Detour,35,131,9,None,61.8,253,1
22/04/2024 22:47,Truck_2,-60.0975,-13.7518,495,In Transit,23.8,69.8,Heavy,22,487,9,Weather,86.1,108,1
09/01/2024 03:30,Truck_5,50.475,-168.8578,187,In Transit,24.5,73.1,Clear,23,382,7,Weather,67.4,149,0
09/12/2024 09:35,Truck_3,20.9244,-59.3367,202,Delayed,26.5,77.8,Clear,31,298,8,None,60.6,102,1
07/03/2024 03:32,Truck_4,-8.4784,117.2494,384,Delivered,24.5,62.2,Clear,45,418,7,None,75.8,298,0
04/08/2024 03:11,Truck_8,-30.809,-126.7483,486,In Transit,25.8,64.9,Clear,31,136,9,Traffic,85.4,178,0
10/12/2024 18:38,Truck_8,17.9831,-135.1026,488,In Transit,25.4,64.3,Clear,14,254,1,Weather,84,250,0
17/11/2024 12:35,Truck_8,-28.2385,-87.7617,244,Delayed,29.1,67.2,Heavy,18,118,5,Traffic,70.5,290,1
03/11/2024 00:16,Truck_2,18.1994,40.5771,193,In Transit,25.7,64,Heavy,33,335,8,Mechanical Failure,90,240,1
20/10/2024 02:07,Truck_7,-3.5038,21.9533,268,Delivered,18.7,69.5,Heavy,39,101,9,Mechanical Failure,77.1,205,1
09/01/2024 21:49,Truck_2,88.528,-0.3595,375,Delayed,19.2,72.9,Detour,58,119,7,None,96.9,213,1
22/07/2024 11:45,Truck_9,-24.7838,-21.176,465,In Transit,28,59.6,Clear,51,305,10,Mechanical Failure,96.9,153,0
30/08/2024 12:04,Truck_10,56.1373,82.4192,258,Delayed,19.3,74.2,Detour,52,407,8,Weather,84.7,245,1
20/11/2024 18:45,Truck_1,-13.2882,-171.9473,254,Delivered,27.3,71.7,Detour,38,279,10,Traffic,91.5,111,0
24/11/2024 01:13,Truck_10,68.9345,172.152,456,In Transit,20.9,71.2,Clear,46,414,10,Mechanical Failure,90.6,280,0
26/01/2024 17:18,Truck_7,-80.9601,52.614,158,In Transit,29.7,78.2,Heavy,43,334,5,Weather,72.7,181,1
23/07/2024 23:58,Truck_5,57.2271,59.2588,158,Delayed,25.9,51.3,Detour,46,308,7,None,64.6,115,1
21/04/2024 07:23,Truck_10,82.6307,-111.6216,260,Delivered,23.2,56.3,Clear,57,329,7,Mechanical Failure,77.9,258,0
29/05/2024 19:41,Truck_2,53.0221,110.4363,249,In Transit,21.4,56.6,Detour,49,398,10,Mechanical Failure,67.3,279,0
15/02/2024 12:50,Truck_6,21.6362,35.7292,224,Delayed,28.3,69,Clear,20,445,6,None,60.1,259,1
21/04/2024 22:20,Truck_8,-0.5646,175.2938,162,Delivered,29.4,65.9,Detour,40,262,2,Traffic,61.5,298,0
07/09/2024 01:59,Truck_4,-53.9744,-52.4536,160,Delivered,20.7,63.1,Clear,52,488,3,Mechanical Failure,79.6,246,0
26/04/2024 07:24,Truck_8,70.9071,-64.7863,260,Delivered,18.8,55,Detour,13,428,2,Weather,73.9,198,0
23/03/2024 13:50,Truck_7,-32.3196,-16.4458,245,In Transit,23.3,59.8,Clear,28,142,5,None,80.7,160,0
05/04/2024 13:50,Truck_7,-9.6291,39.6506,495,Delivered,25.1,75.5,Detour,39,234,1,None,74.8,203,0
24/08/2024 01:36,Truck_8,-69.5639,-74.6473,236,Delayed,18.2,50.5,Clear,20,260,2,Weather,61.1,278,1
07/11/2024 04:03,Truck_9,49.043,-4.5352,259,Delivered,21.3,79.3,Detour,49,276,2,None,99.1,259,0
20/09/2024 16:44,Truck_7,69.7608,-77.0188,227,Delivered,27.6,68.1,Detour,60,399,1,Traffic,64.1,126,0
06/11/2024 21:58,Truck_7,27.4034,-35.8705,204,In Transit,20.5,60.2,Clear,26,460,5,None,66.9,231,0
30/03/2024 12:05,Truck_10,-31.4314,-110.7069,384,Delayed,18.5,79,Detour,21,185,8,Weather,68.1,143,1
24/05/2024 00:02,Truck_6,63.5554,151.4083,187,Delayed,18.9,60.3,Clear,34,223,1,Weather,85.3,197,1
26/01/2024 08:28,Truck_3,86.6663,-8.1036,302,Delivered,19.5,64.5,Detour,38,149,10,None,69,213,0
18/05/2024 14:34,Truck_3,62.9549,134.6387,177,In Transit,24.7,70.6,Heavy,58,301,1,Mechanical Failure,82.7,254,1
19/05/2024 11:10,Truck_2,57.555,179.2349,448,In Transit,21.5,55.7,Heavy,55,500,2,Mechanical Failure,86.7,173,1
19/10/2024 16:07,Truck_5,-8.3428,-26.2702,197,In Transit,22.9,71.9,Clear,18,387,9,None,71,140,0
12/04/2024 19:29,Truck_10,-51.6025,114.3963,428,In Transit,28.6,77.7,Heavy,14,175,9,Traffic,96.2,115,1
29/02/2024 23:31,Truck_8,-30.946,-65.5352,435,Delayed,24.7,75.3,Heavy,41,245,2,Weather,87.1,232,1
03/10/2024 16:09,Truck_6,-47.3503,-100.2211,309,In Transit,20.2,65.8,Detour,26,105,9,Mechanical Failure,60.7,244,0
12/07/2024 10:13,Truck_9,29.2931,-63.656,346,Delivered,21.5,60.1,Clear,17,370,9,None,70.8,259,0
24/10/2024 02:04,Truck_2,-67.4262,-107.5156,428,Delivered,29.1,55.9,Clear,34,176,2,None,89.5,123,0
21/03/2024 11:55,Truck_5,82.8116,62.1983,106,Delivered,21.6,79.3,Clear,51,120,9,Weather,96.2,228,0
14/07/2024 20:00,Truck_3,58.6218,133.4487,154,Delayed,25.8,69,Clear,60,357,10,Mechanical Failure,87.9,269,1
23/11/2024 19:15,Truck_10,-31.9959,164.6097,417,In Transit,23.8,50.7,Heavy,47,278,2,None,88.7,226,1
26/09/2024 10:33,Truck_5,84.8041,86.1533,438,Delayed,20.6,79.3,Heavy,37,431,5,Mechanical Failure,71.7,246,1
09/08/2024 16:48,Truck_5,-11.147,-97.9335,106,Delayed,29.6,62,Heavy,54,410,9,Weather,62.3,111,1
23/11/2024 08:35,Truck_4,-9.8535,-164.784,147,Delayed,27.5,51.6,Clear,15,496,4,Traffic,68.4,238,1
16/10/2024 22:49,Truck_7,35.674,177.2099,248,Delivered,23,72.3,Heavy,35,256,3,Traffic,99.2,296,1
15/02/2024 22:41,Truck_7,87.965,-109.0684,299,In Transit,20.5,75.2,Clear,21,148,6,Mechanical Failure,67.5,150,0
15/06/2024 02:50,Truck_7,68.1229,9.8155,382,Delivered,20.6,72.8,Heavy,10,128,1,Weather,79.2,157,1
26/06/2024 19:58,Truck_2,84.0215,75.4829,236,Delivered,19.4,57.2,Heavy,13,368,2,Weather,83.7,276,1
01/12/2024 12:38,Truck_4,73.9154,-123.8449,122,Delayed,28.3,80,Detour,43,444,10,Mechanical Failure,91.6,141,1
31/07/2024 03:43,Truck_10,56.2829,49.0292,201,In Transit,24.4,50.8,Heavy,13,367,2,None,88.3,174,1
16/03/2024 13:20,Truck_9,-89.0981,33.8294,226,In Transit,18.6,77.9,Heavy,30,252,10,None,67.3,145,1
17/06/2024 14:43,Truck_9,0.4055,97.6022,266,Delivered,23.5,60.2,Heavy,57,108,2,Traffic,65.5,202,1
26/01/2024 05:00,Truck_8,29.7128,-51.8993,277,Delivered,29.2,56.9,Detour,24,100,2,Mechanical Failure,84.2,164,0
09/03/2024 09:56,Truck_4,76.8582,-8.4829,475,In Transit,24.3,52.6,Heavy,55,283,6,Weather,95.9,173,1
28/08/2024 07:23,Truck_8,-74.188,-176.0141,387,Delivered,28.1,64.7,Clear,51,340,10,Weather,61.1,243,0
13/01/2024 18:59,Truck_6,14.1533,164.1186,286,In Transit,25,68.4,Heavy,50,382,5,Weather,71.9,283,1
21/12/2024 10:48,Truck_7,3.9786,-135.2219,367,Delayed,27,55.1,Heavy,47,449,9,Mechanical Failure,99.7,109,1
28/12/2024 17:40,Truck_4,-40.9216,27.5281,371,Delayed,27.4,50.9,Clear,40,463,8,Weather,90.7,144,1
18/08/2024 05:51,Truck_7,-58.4321,-90.5118,315,Delivered,23.5,68.6,Heavy,20,372,1,None,63.8,221,1
09/09/2024 05:33,Truck_6,41.7679,-95.8135,262,In Transit,24.5,50.1,Heavy,20,387,2,Weather,95,145,1
01/10/2024 09:21,Truck_7,61.9423,34.526,201,Delayed,23.9,57.8,Heavy,24,170,1,Mechanical Failure,90.8,104,1
14/10/2024 10:21,Truck_4,46.9729,-36.5198,420,Delayed,21.6,62.8,Clear,31,242,10,Weather,95.6,221,1
13/06/2024 00:29,Truck_1,44.2477,175.0702,143,Delivered,21.6,64.1,Detour,32,307,10,Traffic,64,168,0
22/07/2024 16:30,Truck_6,89.8701,73.6867,264,Delivered,26.9,70,Heavy,32,188,1,Weather,79.2,213,1
30/04/2024 04:58,Truck_5,-10.4792,-177.1239,479,Delivered,23.7,77.9,Detour,56,276,7,Weather,83.7,272,0
27/10/2024 22:09,Truck_2,-71.0609,75.3714,347,In Transit,21,63.1,Detour,35,382,5,None,74.8,275,0
18/04/2024 23:06,Truck_2,-76.791,18.3631,276,Delivered,18,64.3,Heavy,10,361,5,None,88.6,242,1
18/09/2024 19:39,Truck_8,59.8356,-114.4198,157,Delayed,18.7,73.6,Clear,55,323,9,Mechanical Failure,81.3,141,1
